lta 25
sta 2
sta/lta_min 0.2
sta/lta_max 2
fenetre_min 32
fenetre_fixe y
type_lissage okono
b 40
f_sensor 0.5
nb_win 63
f0_mean_windows 5.78211
f0_sig_windows 0.1449
f0mean f0low f0up
5.46265 5.92041 5.31006
A0mean A0low A0up
3.18567 2.64667 3.99858
C1 C2 C3 C4 C5 C6 C7 C8 C9
1 1 1 1 1 1 0 1 1
f(Hz) HVmean HV_up HV_lo HVmean_ns HV_up_ns HV_lo_ns HVmean_ew HV_up_ew HV_lo_ew
0.030518 1.310792 5.290744 0.324751 0.835952 4.950130 0.141171 1.153614 5.493797 0.242241
0.061035 1.239319 2.780687 0.552350 0.789347 1.837863 0.339018 1.230572 3.550642 0.426489
0.091553 1.090122 2.164235 0.549093 0.739557 1.767002 0.309532 1.116500 2.432746 0.512413
0.122070 0.869167 1.735904 0.435192 0.690192 1.632388 0.291821 0.781759 1.763359 0.346582
0.152588 1.015677 2.094634 0.492497 0.763034 1.956598 0.297568 0.920090 2.392036 0.353910
0.183105 1.079616 2.176776 0.535458 1.022844 2.426430 0.431172 0.891803 1.943640 0.409187
0.213623 0.923503 1.940573 0.439488 0.810156 2.126631 0.308635 0.677946 2.133819 0.215393
0.244141 0.897053 1.966460 0.409214 0.764431 2.034421 0.287234 0.756494 1.852466 0.308930
0.274658 0.837954 1.911812 0.367279 0.617422 1.955143 0.194978 0.760039 1.933384 0.298782
0.305176 0.795018 1.414398 0.446871 0.731591 1.507471 0.355048 0.665820 1.504293 0.294700
0.335693 0.786065 1.512285 0.408586 0.665827 1.545617 0.286827 0.723973 1.458564 0.359351
0.366211 0.865825 1.522043 0.492531 0.798136 1.660739 0.383577 0.759457 1.440766 0.400325
0.396729 0.962507 1.709327 0.541979 0.923878 1.791652 0.476404 0.880003 1.610175 0.480945
0.427246 0.865367 1.542907 0.485356 0.735305 1.396488 0.387167 0.858650 1.637568 0.450229
0.457764 0.923711 1.666673 0.511944 0.795826 1.689368 0.374897 0.924781 1.727092 0.495179
0.488281 0.888317 1.513817 0.521270 0.851473 1.537369 0.471588 0.836192 1.501557 0.465662
0.518799 0.856571 1.324157 0.554098 0.818017 1.253943 0.533638 0.820597 1.436038 0.468914
0.549316 0.857870 1.333655 0.551823 0.837617 1.337096 0.524721 0.775415 1.427803 0.421114
0.579834 0.826755 1.295322 0.527687 0.837601 1.394301 0.503173 0.713166 1.236598 0.411295
0.610352 0.815642 1.200488 0.554167 0.838635 1.298745 0.541530 0.707122 1.172320 0.426523
0.640869 0.860407 1.256556 0.589150 0.839408 1.356198 0.519545 0.780187 1.281691 0.474913
0.671387 0.862001 1.227376 0.605393 0.800415 1.284766 0.498662 0.829342 1.285659 0.534985
0.701904 0.847830 1.214917 0.591659 0.786699 1.199991 0.515750 0.825620 1.286718 0.529757
0.732422 0.860583 1.269206 0.583516 0.833581 1.270590 0.546877 0.801011 1.311029 0.489401
0.762939 0.878896 1.284652 0.601298 0.900115 1.387114 0.584095 0.775861 1.242317 0.484547
0.793457 0.890502 1.237355 0.640878 0.932066 1.369794 0.634217 0.775204 1.151874 0.521707
0.823975 0.896152 1.232944 0.651359 0.917795 1.355829 0.621279 0.800111 1.172004 0.546224
0.854492 0.896415 1.262658 0.636403 0.886502 1.357245 0.579030 0.819047 1.227926 0.546318
0.885010 0.871900 1.218660 0.623808 0.857342 1.263725 0.581642 0.806141 1.211345 0.536481
0.915527 0.844169 1.152967 0.618075 0.840072 1.186202 0.594942 0.778104 1.173366 0.515991
0.946045 0.840935 1.143828 0.618250 0.848287 1.192319 0.603522 0.764866 1.160462 0.504127
0.976562 0.859757 1.141548 0.647525 0.880950 1.199845 0.646810 0.773404 1.146426 0.521756
1.007080 0.886812 1.164623 0.675270 0.916261 1.236618 0.678896 0.796508 1.149098 0.552107
1.037598 0.907590 1.228459 0.670531 0.935890 1.316466 0.665335 0.827965 1.173795 0.584025
1.068115 0.922866 1.264828 0.673358 0.943780 1.340301 0.664567 0.860353 1.216781 0.608332
1.098633 0.935873 1.282958 0.682687 0.948887 1.332888 0.675515 0.880899 1.270831 0.610611
1.129150 0.940929 1.319946 0.670745 0.947429 1.377318 0.651717 0.881090 1.311747 0.591822
1.159668 0.931384 1.347358 0.643835 0.929465 1.430232 0.604032 0.866479 1.321711 0.568041
1.190186 0.910487 1.324741 0.625772 0.895733 1.410531 0.568819 0.853045 1.304296 0.557915
1.220703 0.889929 1.264568 0.626280 0.859053 1.319084 0.559458 0.853569 1.274552 0.571637
1.251221 0.881817 1.208152 0.643629 0.834247 1.217444 0.571663 0.869929 1.251326 0.604779
1.281738 0.889541 1.184047 0.668288 0.828871 1.161781 0.591357 0.894249 1.250685 0.639395
1.312256 0.906603 1.196295 0.687063 0.841927 1.166545 0.607641 0.915318 1.270084 0.659647
1.342773 0.924782 1.223074 0.699239 0.867237 1.207299 0.622960 0.926592 1.288931 0.666111
1.373291 0.941272 1.242355 0.713156 0.897286 1.254248 0.641916 0.929928 1.292916 0.668850
1.403809 0.957433 1.250731 0.732915 0.926524 1.289817 0.665557 0.932583 1.285459 0.676576
1.434326 0.975067 1.258240 0.755623 0.953261 1.314199 0.691453 0.941101 1.281256 0.691252
1.464844 0.995437 1.277549 0.775621 0.978284 1.338834 0.714831 0.957997 1.294708 0.708853
1.495361 1.019288 1.312632 0.791500 1.003098 1.370757 0.734051 0.981715 1.330817 0.724191
1.525879 1.045360 1.353079 0.807624 1.027309 1.401181 0.753197 1.008544 1.381559 0.736241
1.556396 1.069562 1.385019 0.825955 1.048033 1.418357 0.774398 1.034071 1.430286 0.747614
1.586914 1.087441 1.404445 0.841990 1.061840 1.424272 0.791635 1.054729 1.463709 0.760023
1.617432 1.097315 1.415456 0.850680 1.067398 1.430120 0.796674 1.068980 1.478217 0.773038
1.647949 1.100638 1.420928 0.852544 1.066585 1.439123 0.790484 1.076976 1.478734 0.784372
1.678467 1.102193 1.423065 0.853671 1.065176 1.446438 0.784409 1.082182 1.476828 0.792995
1.708984 1.106818 1.423510 0.860582 1.068989 1.448121 0.789118 1.089138 1.479315 0.801873
1.739502 1.118419 1.426690 0.876758 1.081534 1.448416 0.807584 1.102095 1.488638 0.815922
1.770020 1.138282 1.437720 0.901209 1.102262 1.455265 0.834886 1.123089 1.504842 0.838180
1.800537 1.163789 1.459553 0.927959 1.126679 1.474076 0.861153 1.150556 1.527189 0.866807
1.831055 1.189709 1.491197 0.949176 1.148482 1.502518 0.877867 1.180686 1.556068 0.895861
1.861572 1.210037 1.527426 0.958599 1.162031 1.533053 0.880802 1.207996 1.590210 0.917649
1.892090 1.221222 1.561336 0.955197 1.164797 1.556358 0.871749 1.228626 1.627023 0.927782
1.922607 1.223124 1.587407 0.942439 1.157919 1.567392 0.855419 1.241319 1.660658 0.927869
1.953125 1.218983 1.603526 0.926657 1.145428 1.567151 0.837191 1.248142 1.685102 0.924489
1.983643 1.213081 1.609355 0.914382 1.131911 1.559443 0.821590 1.252524 1.696819 0.924563
2.014160 1.209872 1.606897 0.910942 1.121355 1.549778 0.811365 1.258592 1.697733 0.933041
2.044678 1.212165 1.601012 0.917759 1.116104 1.542965 0.807334 1.269049 1.694578 0.950376
2.075195 1.220676 1.597653 0.932649 1.116792 1.542044 0.808812 1.284475 1.694333 0.973762
2.105713 1.234472 1.601747 0.951412 1.122921 1.547687 0.814733 1.303797 1.702599 0.998407
2.136230 1.251411 1.613181 0.970772 1.133070 1.556987 0.824572 1.324771 1.719651 1.020567
2.166748 1.268677 1.627674 0.988859 1.145540 1.566058 0.837940 1.344391 1.740176 1.038624
2.197266 1.283478 1.640305 1.004275 1.158146 1.572922 0.852745 1.359692 1.757159 1.052131
2.227783 1.294063 1.648569 1.015789 1.169398 1.578715 0.866205 1.368612 1.765548 1.060916
2.258301 1.299467 1.653082 1.021495 1.177689 1.586461 0.874243 1.370330 1.764804 1.064030
2.288818 1.299128 1.653858 1.020482 1.182003 1.595958 0.875418 1.364764 1.755908 1.060751
2.319336 1.292896 1.649106 1.013628 1.181942 1.602240 0.871897 1.352665 1.740282 1.051382
2.349854 1.281453 1.637858 1.002603 1.177940 1.600373 0.867012 1.335703 1.719646 1.037482
2.380371 1.266423 1.620347 0.989804 1.171468 1.587879 0.864258 1.316021 1.695309 1.021590
2.410889 1.250356 1.599966 0.977140 1.164645 1.568164 0.864959 1.295886 1.669870 1.005659
2.441406 1.236172 1.581815 0.966056 1.159516 1.548082 0.868480 1.277651 1.647591 0.990775
2.471924 1.227005 1.570613 0.958569 1.158611 1.536201 0.873831 1.263394 1.632276 0.977876
2.502441 1.225296 1.569569 0.956537 1.163771 1.538909 0.880079 1.254977 1.626921 0.968066
2.532959 1.232525 1.579713 0.961641 1.176337 1.558435 0.887923 1.253679 1.632567 0.962724
2.563477 1.249085 1.601274 0.974357 1.196760 1.593846 0.898602 1.260376 1.649316 0.963155
2.593994 1.274596 1.633704 0.994424 1.224870 1.642243 0.913572 1.275367 1.676788 0.970045
2.624512 1.307565 1.675328 1.020533 1.259349 1.698898 0.933523 1.298159 1.714246 0.983066
2.655029 1.346244 1.724224 1.051123 1.298450 1.759454 0.958236 1.328026 1.761074 1.001464
2.685547 1.388589 1.777870 1.084544 1.339949 1.819504 0.986787 1.363851 1.816385 1.024061
2.716064 1.432423 1.834017 1.118766 1.381470 1.876043 1.017279 1.404096 1.878425 1.049542
2.746582 1.475537 1.890487 1.151666 1.420709 1.926968 1.047455 1.446762 1.944656 1.076344
2.777100 1.515644 1.944900 1.181129 1.455440 1.970802 1.074844 1.489714 2.011309 1.103384
2.807617 1.551523 1.995311 1.206441 1.484803 2.007400 1.098256 1.531360 2.074866 1.130224
2.838135 1.581980 2.039449 1.227125 1.508229 2.036909 1.116768 1.569814 2.131441 1.156173
2.868652 1.606636 2.075149 1.243901 1.526019 2.059039 1.130981 1.603954 2.177913 1.181255
2.899170 1.625959 2.101831 1.257829 1.539251 2.074170 1.142285 1.633351 2.213127 1.205460
2.929688 1.640665 2.120234 1.269568 1.548830 2.083212 1.151528 1.657947 2.237741 1.228377
2.960205 1.652121 2.132841 1.279750 1.556421 2.088217 1.160054 1.678312 2.254295 1.249495
2.990723 1.661653 2.142544 1.288697 1.563044 2.090849 1.168475 1.695519 2.266999 1.268101
3.021240 1.670925 2.153001 1.296790 1.570047 2.094460 1.176937 1.710947 2.280604 1.283581
3.051758 1.680802 2.165933 1.304332 1.577943 2.100271 1.185515 1.725581 2.298170 1.295653
3.082275 1.691983 2.181891 1.312076 1.586967 2.108761 1.194286 1.740454 2.321007 1.305114
3.112793 1.704744 2.200218 1.320847 1.597114 2.119874 1.203267 1.756125 2.348129 1.313375
3.143311 1.719141 2.219893 1.331346 1.608248 2.132950 1.212621 1.772973 2.377768 1.322009
3.173828 1.734959 2.239347 1.344180 1.619984 2.147197 1.222220 1.791161 2.407044 1.332862
3.204346 1.751945 2.257305 1.359723 1.632255 2.161882 1.232378 1.810634 2.433338 1.347283
3.234863 1.769398 2.272968 1.377392 1.644582 2.176628 1.242587 1.830792 2.455090 1.365245
3.265381 1.787253 2.286896 1.396773 1.657024 2.191673 1.252801 1.851820 2.472511 1.386945
3.295898 1.805342 2.299749 1.417224 1.669683 2.207385 1.262961 1.873525 2.486262 1.411797
3.326416 1.823559 2.313057 1.437651 1.682799 2.224614 1.272945 1.895639 2.497991 1.438535
3.356934 1.842256 2.328713 1.457417 1.696677 2.244283 1.282687 1.918453 2.510285 1.466153
3.387451 1.861575 2.348063 1.475880 1.711534 2.266979 1.292181 1.941944 2.524930 1.493565
3.417969 1.881647 2.372005 1.492660 1.727511 2.293363 1.301275 1.966007 2.543160 1.519835
3.448486 1.902468 2.400375 1.507841 1.744559 2.323497 1.309872 1.990565 2.564875 1.544851
3.479004 1.924270 2.433065 1.521872 1.762865 2.357533 1.318197 2.015684 2.590383 1.568486
3.509521 1.946776 2.468546 1.535292 1.782290 2.394625 1.326537 2.040950 2.618252 1.590938
3.540039 1.969558 2.505024 1.548551 1.802452 2.433053 1.335292 2.065989 2.647391 1.612271
3.570557 1.992287 2.541211 1.561935 1.823382 2.471788 1.345068 2.090381 2.676753 1.632460
3.601074 2.014715 2.576135 1.575647 1.845101 2.509413 1.356650 2.113809 2.706028 1.651199
3.631592 2.036262 2.609111 1.589187 1.867360 2.544868 1.370221 2.135635 2.734610 1.667857
3.662109 2.056899 2.639723 1.602757 1.890484 2.577033 1.386838 2.155672 2.762329 1.682248
3.692627 2.076423 2.668076 1.615970 1.914508 2.605876 1.406568 2.173549 2.788956 1.693937
3.723145 2.095347 2.694870 1.629198 1.940039 2.632207 1.429884 2.189482 2.814801 1.703081
3.753662 2.113804 2.719988 1.642716 1.967311 2.656430 1.456961 2.203257 2.839258 1.709723
3.784180 2.132366 2.743946 1.657097 1.996717 2.679838 1.487731 2.215206 2.862558 1.714248
3.814697 2.151424 2.767164 1.672696 2.028288 2.703752 1.521571 2.225568 2.884642 1.717077
3.845215 2.171524 2.790469 1.689865 2.062339 2.729855 1.558046 2.234715 2.906018 1.718485
3.875732 2.193134 2.814855 1.708733 2.098935 2.759838 1.596299 2.243211 2.927216 1.719037
3.906250 2.216198 2.841194 1.728686 2.137432 2.794501 1.634858 2.251488 2.948890 1.719019
3.936768 2.241205 2.871469 1.749279 2.177980 2.836043 1.672612 2.260371 2.972428 1.718890
3.967285 2.267883 2.905939 1.769925 2.219826 2.884152 1.708518 2.270275 2.997986 1.719203
3.997803 2.296117 2.945102 1.790143 2.262485 2.938489 1.741997 2.281788 3.026259 1.720460
4.028320 2.325410 2.988785 1.809274 2.304922 2.997637 1.772284 2.295292 3.057764 1.722948
4.058838 2.355635 3.036244 1.827593 2.346687 3.059788 1.799778 2.311312 3.092625 1.727387
4.089355 2.386373 3.086164 1.845260 2.387075 3.122242 1.825012 2.330021 3.130770 1.734078
4.119873 2.417229 3.137302 1.862427 2.425435 3.182664 1.848369 2.351500 3.171988 1.743246
4.150391 2.447867 3.188220 1.879435 2.461150 3.238755 1.870243 2.375763 3.216133 1.754981
4.180908 2.478195 3.238452 1.896416 2.494251 3.289925 1.891012 2.402660 3.262821 1.769259
4.211426 2.507890 3.287229 1.913318 2.524488 3.335796 1.910501 2.431615 3.311360 1.785597
4.241943 2.536851 3.334387 1.930074 2.551912 3.376806 1.928525 2.462245 3.361224 1.803703
4.272461 2.565018 3.380080 1.946497 2.576785 3.414457 1.944620 2.494007 3.411489 1.823272
4.302979 2.592086 3.424317 1.962117 2.599248 3.450221 1.958162 2.525977 3.460961 1.843580
4.333496 2.618142 3.467271 1.976964 2.619925 3.485760 1.969157 2.557519 3.508666 1.864214
4.364014 2.643019 3.509134 1.990676 2.639015 3.522353 1.977201 2.588055 3.553774 1.884764
4.394531 2.667000 3.549845 2.003718 2.657299 3.560787 1.983056 2.617299 3.595435 1.905265
4.425049 2.689822 3.588976 2.015935 2.675029 3.601090 1.987115 2.644541 3.632661 1.925199
4.455566 2.711418 3.626158 2.027431 2.692485 3.642810 1.990078 2.669486 3.664824 1.944475
4.486084 2.732027 3.661063 2.038745 2.710095 3.685336 1.992930 2.692265 3.691720 1.963391
4.516602 2.751567 3.693103 2.050070 2.727863 3.727049 1.996548 2.712924 3.713522 1.981934
4.547119 2.770075 3.721969 2.061629 2.745793 3.766845 2.001511 2.731681 3.730455 2.000313
4.577637 2.788009 3.747901 2.073960 2.764125 3.804201 2.008408 2.749185 3.743588 2.018924
4.608154 2.805045 3.770094 2.087023 2.782345 3.837481 2.017325 2.765443 3.752924 2.037791
4.638672 2.821729 3.789566 2.101073 2.800540 3.866884 2.028254 2.781346 3.760410 2.057193
4.669189 2.838155 3.805991 2.116432 2.818370 3.891314 2.041266 2.797423 3.766657 2.077591
4.699707 2.854461 3.819863 2.133046 2.835590 3.910836 2.055972 2.814057 3.772850 2.098921
4.730225 2.870610 3.831373 2.150770 2.851648 3.925139 2.071747 2.831601 3.779858 2.121234
4.760742 2.886885 3.841001 2.169774 2.866524 3.934596 2.088387 2.850461 3.788592 2.144629
4.791260 2.903527 3.849312 2.190124 2.880049 3.939081 2.105740 2.871184 3.800465 2.169129
4.821777 2.920033 3.856276 2.211094 2.891707 3.939164 2.122778 2.893119 3.814935 2.194045
4.852295 2.936873 3.862860 2.232860 2.901621 3.935395 2.139405 2.916935 3.833394 2.219576
4.882812 2.953841 3.869490 2.254865 2.909759 3.928392 2.155259 2.942201 3.855933 2.244995
4.913330 2.971076 3.876550 2.277101 2.916231 3.918701 2.170210 2.969046 3.882553 2.270473
4.943848 2.988421 3.884459 2.299075 2.921095 3.907070 2.183938 2.997036 3.913132 2.295406
4.974365 3.005816 3.893291 2.320641 2.924365 3.893932 2.196214 3.026077 3.947069 2.319985
5.004883 3.023165 3.903477 2.341381 2.926446 3.880466 2.206974 3.055620 3.983812 2.343688
5.035400 3.040327 3.914726 2.361235 2.927441 3.867012 2.216159 3.085359 4.022210 2.366718
5.065918 3.057158 3.926997 2.379990 2.927529 3.854249 2.223631 3.114927 4.061464 2.388984
5.096436 3.073621 3.939925 2.397798 2.926977 3.842467 2.229608 3.144072 4.100577 2.410683
5.126953 3.089478 3.952918 2.414640 2.925870 3.831896 2.234068 3.172429 4.138181 2.432061
5.157471 3.104554 3.965131 2.430753 2.924351 3.822069 2.237487 3.199664 4.173291 2.453184
5.187988 3.118792 3.976480 2.446099 2.922671 3.813510 2.239933 3.225480 4.205409 2.473890
5.218506 3.131893 3.985908 2.460858 2.920601 3.805359 2.241552 3.249643 4.233562 2.494397
5.249023 3.143777 3.993072 2.475121 2.918412 3.797566 2.242786 3.271907 4.257151 2.514681
5.279541 3.154255 3.997284 2.489021 2.915965 3.789340 2.243888 3.292130 4.275757 2.534785
5.310059 3.163410 3.998581 2.502679 2.913506 3.780700 2.245225 3.310255 4.289499 2.554561
5.340576 3.171064 3.996556 2.516077 2.910981 3.771185 2.246988 3.326050 4.297964 2.573918
5.371094 3.177008 3.990904 2.529097 2.907950 3.759670 2.249180 3.339583 4.301554 2.592741
5.401611 3.181453 3.982188 2.541730 2.904821 3.746894 2.251995 3.350784 4.300493 2.610806
5.432129 3.184326 3.970516 2.553807 2.901420 3.732309 2.255505 3.359653 4.295444 2.627729
5.462646 3.185670 3.956053 2.565307 2.897649 3.715936 2.259557 3.366298 4.286584 2.643588
5.493164 3.185554 3.939247 2.576065 2.893560 3.698201 2.263989 3.370765 4.274238 2.658265
5.523682 3.184151 3.920462 2.586128 2.889201 3.678912 2.269009 3.373288 4.259183 2.671656
5.554199 3.181577 3.900003 2.595494 2.884418 3.658352 2.274212 3.374098 4.241812 2.683885
5.584717 3.177788 3.878139 2.603913 2.878999 3.636810 2.279094 3.373209 4.222468 2.694760
5.615234 3.173097 3.855191 2.611685 2.873182 3.614863 2.283676 3.370932 4.201309 2.704677
5.645752 3.167459 3.831295 2.618643 2.866741 3.592560 2.287561 3.367361 4.178584 2.713627
5.676270 3.161037 3.806901 2.624748 2.859651 3.570398 2.290390 3.362760 4.154718 2.721763
5.706787 3.153982 3.782139 2.630152 2.851892 3.548606 2.291966 3.357406 4.129792 2.729478
5.737305 3.146216 3.757013 2.634719 2.843386 3.527495 2.291951 3.351188 4.103603 2.736731
5.767822 3.137746 3.731549 2.638434 2.833780 3.506624 2.290040 3.344449 4.076543 2.743829
5.798340 3.128922 3.706243 2.641530 2.823502 3.486797 2.286387 3.337421 4.048913 2.750956
5.828857 3.119660 3.681034 2.643898 2.812372 3.467776 2.280838 3.330168 4.020643 2.758270
5.859375 3.110059 3.656162 2.645524 2.800435 3.449654 2.273399 3.322808 3.992106 2.765722
5.889893 3.100078 3.631464 2.646448 2.787568 3.432089 2.264084 3.315400 3.963374 2.773363
5.920410 3.089860 3.607257 2.646674 2.774013 3.415344 2.253111 3.308022 3.934709 2.781148
5.950928 3.079316 3.583304 2.646213 2.759709 3.399049 2.240624 3.300590 3.906102 2.788942
5.981445 3.068626 3.559878 2.645165 2.744863 3.383329 2.226881 3.293233 3.878000 2.796643
6.011963 3.057807 3.536865 2.643637 2.729566 3.368080 2.212100 3.285924 3.850355 2.804233
6.042480 3.046940 3.514446 2.641624 2.714066 3.353455 2.196587 3.278638 3.823397 2.811495
6.072998 3.036089 3.492501 2.639323 2.698456 3.339387 2.180539 3.271362 3.797177 2.818359
6.103516 3.025248 3.470947 2.636781 2.682932 3.325875 2.164280 3.263937 3.771605 2.824603
6.134033 3.014605 3.449950 2.634195 2.667689 3.313089 2.148014 3.256562 3.746865 2.830418
6.164551 3.004167 3.429422 2.631644 2.652930 3.301094 2.132032 3.249041 3.722758 2.835604
6.195068 2.994075 3.409769 2.629060 2.638955 3.290265 2.116572 3.241419 3.699591 2.839988
6.225586 2.984249 3.390642 2.626565 2.625736 3.280362 2.101746 3.233533 3.676996 2.843555
6.256104 2.974763 3.372211 2.624158 2.613483 3.271518 2.087805 3.225383 3.655027 2.846243
6.286621 2.965646 3.354429 2.621924 2.602351 3.263666 2.075039 3.216929 3.633489 2.848125
6.317139 2.956898 3.337344 2.619821 2.592358 3.256713 2.063529 3.208153 3.612519 2.849049
6.347656 2.948423 3.320837 2.617772 2.583460 3.250590 2.053247 3.198917 3.592001 2.848849
6.378174 2.940376 3.305149 2.615861 2.575861 3.245336 2.044490 3.189367 3.572136 2.847614
6.408691 2.932689 3.290295 2.613949 2.569493 3.240850 2.037210 3.179473 3.552879 2.845311
6.439209 2.925218 3.276082 2.611932 2.564239 3.236942 2.031337 3.169065 3.534177 2.841672
6.469727 2.917905 3.262490 2.609714 2.560022 3.233410 2.026873 3.158124 3.516069 2.836618
6.500244 2.910789 3.249317 2.607531 2.556784 3.230059 2.023846 3.146777 3.498583 2.830348
6.530762 2.903605 3.236526 2.604930 2.554302 3.226687 2.022030 3.134766 3.481657 2.822438
6.561279 2.896333 3.223951 2.602008 2.552466 3.223196 2.021312 3.122122 3.465247 2.812973
6.591797 2.889004 3.211614 2.598801 2.551178 3.219630 2.021508 3.108950 3.449469 2.802047
6.622314 2.881467 3.199374 2.595149 2.550247 3.215785 2.022448 3.095153 3.434181 2.789594
6.652832 2.873607 3.187145 2.590913 2.549437 3.211506 2.023857 3.080703 3.419401 2.775553
6.683350 2.865296 3.174756 2.586002 2.548606 3.206828 2.025488 3.065460 3.404873 2.759881
6.713867 2.856493 3.162162 2.580371 2.547655 3.201673 2.027236 3.049422 3.390536 2.742626
6.744385 2.847012 3.149314 2.573728 2.546397 3.196119 2.028754 3.032403 3.376072 2.723718
6.774902 2.836975 3.136225 2.566279 2.544752 3.190149 2.029925 3.014653 3.361572 2.703537
6.805420 2.826165 3.122771 2.557732 2.542504 3.183647 2.030478 2.995974 3.346797 2.681925
6.835938 2.814600 3.108877 2.548178 2.539790 3.176768 2.030534 2.976267 3.331471 2.658936
6.866455 2.802192 3.094542 2.537460 2.536365 3.169381 2.029780 2.955583 3.315541 2.634706
6.896973 2.788900 3.079732 2.525532 2.532248 3.161685 2.028121 2.933806 3.298691 2.609283
6.927490 2.774764 3.064361 2.512536 2.527502 3.153654 2.025672 2.910942 3.280866 2.582727
6.958008 2.759665 3.048346 2.498321 2.521998 3.145250 2.022248 2.886855 3.261869 2.554956
6.988525 2.743832 3.031878 2.483152 2.515869 3.136721 2.017902 2.861821 3.241997 2.526226
7.019043 2.727154 3.014791 2.466961 2.509138 3.127958 2.012742 2.835633 3.220892 2.496456
7.049561 2.709734 2.997108 2.449915 2.501815 3.118926 2.006806 2.808469 3.198602 2.465920
7.080078 2.691646 2.978864 2.432121 2.494081 3.109746 2.000304 2.780306 3.175042 2.434645
7.110596 2.672905 2.960028 2.413633 2.485919 3.100296 1.993291 2.751200 3.150285 2.402673
7.141113 2.653608 2.940673 2.394566 2.477483 3.090791 1.985873 2.721163 3.124291 2.370050
7.171631 2.633943 2.920985 2.375107 2.468865 3.081267 1.978177 2.690475 3.097337 2.337058
7.202148 2.613890 2.900969 2.355221 2.460042 3.071551 1.970276 2.659170 3.069415 2.303757
7.232666 2.593618 2.880754 2.335102 2.451118 3.061787 1.962246 2.627466 3.040606 2.270461
7.263184 2.573140 2.860345 2.314773 2.442148 3.051821 1.954272 2.595390 3.011006 2.237143
7.293701 2.552577 2.839928 2.294302 2.433227 3.041715 1.946465 2.563152 2.980718 2.204082
7.324219 2.532132 2.819592 2.273979 2.424480 3.031398 1.939073 2.531042 2.950039 2.171556
7.354736 2.511703 2.799352 2.253612 2.415883 3.020801 1.932100 2.498962 2.918790 2.139521
7.385254 2.491468 2.779442 2.233330 2.407505 3.010017 1.925596 2.467208 2.887364 2.108190
7.415771 2.471594 2.759996 2.213328 2.399453 2.999099 1.919702 2.436052 2.855924 2.077908
7.446289 2.452078 2.741034 2.193583 2.391770 2.987835 1.914618 2.405531 2.824552 2.048670
7.476807 2.432931 2.722383 2.174255 2.384332 2.976045 1.910266 2.375811 2.793236 2.020766
7.507324 2.414283 2.704302 2.155367 2.377255 2.963827 1.906771 2.347054 2.762328 1.994210
7.537842 2.396266 2.686764 2.137177 2.370721 2.951248 1.904388 2.319398 2.731800 1.969253
7.568359 2.378904 2.669818 2.119690 2.364558 2.938146 1.902947 2.293031 2.702003 1.945961
7.598877 2.362173 2.653399 2.102911 2.358823 2.924569 1.902518 2.267859 2.672827 1.924248
7.629395 2.346281 2.637588 2.087147 2.353635 2.910608 1.903245 2.244149 2.644529 1.904385
7.659912 2.331300 2.622549 2.072395 2.349107 2.896530 1.905143 2.221915 2.617182 1.886345
7.690430 2.317163 2.608089 2.058690 2.345087 2.882020 1.908187 2.201165 2.590845 1.870095
7.720947 2.304006 2.594291 2.046203 2.341686 2.867243 1.912462 2.182012 2.565676 1.855720
7.751465 2.291884 2.581261 2.034947 2.338932 2.852532 1.917806 2.164442 2.541680 1.843194
7.781982 2.280975 2.569188 2.025093 2.337007 2.838139 1.924360 2.148604 2.519021 1.832657
7.812500 2.271231 2.558044 2.016575 2.335879 2.824180 1.932006 2.134352 2.497702 1.823860
7.843018 2.262730 2.547907 2.009471 2.335613 2.810844 1.940731 2.121722 2.477787 1.816825
7.873535 2.255523 2.538829 2.003831 2.336263 2.798392 1.950450 2.110707 2.459206 1.811595
7.904053 2.249652 2.531012 1.999570 2.337909 2.787189 1.961050 2.101218 2.442094 1.807923
7.934570 2.245240 2.524436 1.996923 2.340638 2.777301 1.972629 2.093386 2.426488 1.806011
7.965088 2.242243 2.519223 1.995715 2.344434 2.769087 1.984904 2.087067 2.412371 1.805629
7.995605 2.240721 2.515542 1.995923 2.349436 2.762901 1.997846 2.082213 2.399690 1.806737
8.026123 2.240743 2.513421 1.997647 2.355681 2.758964 2.011347 2.078855 2.388557 1.809309
8.056641 2.242222 2.512912 2.000691 2.363158 2.757367 2.025308 2.076828 2.378913 1.813103
8.087158 2.245232 2.514107 2.005112 2.371990 2.758487 2.039647 2.076116 2.370649 1.818177
8.117676 2.249801 2.517112 2.010877 2.382260 2.762497 2.054359 2.076690 2.363842 1.824420
8.148193 2.255824 2.521878 2.017839 2.393843 2.769358 2.069247 2.078451 2.358505 1.831650
8.178711 2.263303 2.528540 2.025890 2.406837 2.779277 2.084306 2.081314 2.354619 1.839733
8.209229 2.272227 2.537036 2.035058 2.421222 2.792204 2.099530 2.085282 2.352161 1.848684
8.239746 2.282586 2.547481 2.045235 2.436983 2.808213 2.114827 2.090365 2.351269 1.858413
8.270264 2.294153 2.559728 2.056132 2.453977 2.827113 2.130089 2.096270 2.351720 1.868568
8.300781 2.307021 2.573858 2.067847 2.472330 2.848941 2.145504 2.103057 2.353683 1.879117
8.331299 2.321006 2.589647 2.080233 2.491842 2.873225 2.161083 2.110631 2.357023 1.889996
8.361816 2.336046 2.607255 2.093048 2.512482 2.900126 2.176652 2.118886 2.361876 1.900895
8.392334 2.351992 2.626381 2.106269 2.534072 2.929103 2.192317 2.127743 2.368168 1.911727
8.422852 2.368812 2.647047 2.119823 2.556627 2.960121 2.208133 2.137159 2.375861 1.922440
8.453369 2.386317 2.669000 2.133574 2.579843 2.992673 2.223961 2.147096 2.385011 1.932914
8.483887 2.404462 2.692147 2.147519 2.603695 3.026528 2.239935 2.157527 2.395617 1.943101
8.514404 2.422916 2.716219 2.161285 2.627826 3.061300 2.255730 2.168186 2.407393 1.952748
8.544922 2.441678 2.741097 2.174967 2.652243 3.096815 2.271492 2.179072 2.420359 1.961838
8.575439 2.460570 2.766556 2.188427 2.676635 3.132644 2.287006 2.190190 2.434452 1.970436
8.605957 2.479436 2.792381 2.201563 2.700858 3.168488 2.302245 2.201414 2.449454 1.978492
8.636475 2.498055 2.818134 2.214330 2.724620 3.203760 2.317138 2.212630 2.465199 1.985937
8.666992 2.516259 2.843701 2.226522 2.747649 3.238235 2.331387 2.223803 2.481589 1.992796
8.697510 2.533908 2.868805 2.238106 2.769756 3.271590 2.344899 2.234866 2.498447 1.999092
8.728027 2.550760 2.893018 2.248992 2.790655 3.303229 2.357619 2.245674 2.515498 2.004793
8.758545 2.566796 2.916431 2.259077 2.810311 3.333312 2.369370 2.256220 2.532687 2.009932
8.789062 2.581815 2.938563 2.268377 2.828422 3.361209 2.380088 2.266450 2.549770 2.014612
8.819580 2.595639 2.959343 2.276635 2.844747 3.386772 2.389469 2.276280 2.566615 2.018787
8.850098 2.608155 2.978337 2.283984 2.859132 3.409495 2.397609 2.285650 2.583038 2.022501
8.880615 2.619260 2.995670 2.290146 2.871428 3.429553 2.404133 2.294501 2.598983 2.025690
8.911133 2.628643 3.010661 2.295099 2.881231 3.445980 2.409037 2.302685 2.614153 2.028327
8.941650 2.636533 3.023703 2.298938 2.888818 3.459375 2.412364 2.310337 2.628648 2.030570
8.972168 2.642708 3.034473 2.301521 2.893930 3.469263 2.414008 2.317306 2.642292 2.032291
9.002686 2.647128 3.043001 2.302755 2.896465 3.475749 2.413727 2.323598 2.655001 2.033561
9.033203 2.649741 3.049111 2.302679 2.896387 3.478521 2.411674 2.329161 2.666732 2.034322
9.063721 2.650566 3.052934 2.301229 2.893722 3.477817 2.407726 2.333982 2.677473 2.034557
9.094238 2.649562 3.054298 2.298458 2.888401 3.473347 2.401966 2.338051 2.687192 2.034273
9.124756 2.646720 3.053275 2.294299 2.880445 3.465304 2.394295 2.341313 2.695754 2.033474
9.155273 2.642164 3.049981 2.288877 2.870037 3.453846 2.384910 2.343803 2.703175 2.032208
9.185791 2.635939 3.044496 2.282209 2.857220 3.439105 2.373789 2.345539 2.709489 2.030475
9.216309 2.628115 3.036985 2.274291 2.842101 3.421240 2.360998 2.346555 2.714778 2.028277
9.246826 2.618781 3.027477 2.265257 2.824862 3.400436 2.346712 2.346793 2.718940 2.025582
9.277344 2.608029 3.016185 2.255106 2.805596 3.376919 2.330932 2.346340 2.722079 2.022467
9.307861 2.595768 3.002898 2.243837 2.784224 3.350431 2.313702 2.345094 2.724064 2.018846
9.338379 2.582366 2.988246 2.231615 2.761267 3.321986 2.295192 2.343177 2.725048 2.014819
9.368896 2.567782 2.972090 2.218474 2.736673 3.291253 2.275541 2.340599 2.725126 2.010330
9.399414 2.552186 2.954717 2.204493 2.710683 3.258769 2.254778 2.337380 2.724352 2.005374
9.429932 2.535659 2.936198 2.189759 2.683417 3.224650 2.233027 2.333558 2.722740 2.000005
9.460449 2.518439 2.916812 2.174475 2.655240 3.189310 2.210603 2.329226 2.720407 1.994295
9.490967 2.500452 2.896523 2.158539 2.626113 3.152802 2.187409 2.324255 2.717252 1.988097
9.521484 2.481974 2.875708 2.142148 2.596288 3.115534 2.163581 2.318943 2.713606 1.981679
9.552002 2.463018 2.854425 2.125281 2.565897 3.077782 2.139146 2.313147 2.709332 1.974895
9.582520 2.443688 2.832755 2.108057 2.535143 3.039680 2.114350 2.306862 2.704466 1.967713
9.613037 2.424097 2.810803 2.090594 2.504136 3.001380 2.089272 2.300220 2.699098 1.960289
9.643555 2.404384 2.788854 2.072917 2.473082 2.963244 2.064000 2.293263 2.693423 1.952554
9.674072 2.384567 2.766923 2.055048 2.442014 2.925382 2.038514 2.286000 2.687363 1.944580
9.704590 2.364546 2.744814 2.036961 2.410892 2.887544 2.012923 2.278302 2.680773 1.936256
9.735107 2.344688 2.723201 2.018786 2.380121 2.850634 1.987269 2.270451 2.674080 1.927746
9.765625 2.324912 2.701793 2.000603 2.349646 2.814302 1.961707 2.262363 2.667083 1.919058
9.796143 2.305271 2.680702 1.982419 2.319586 2.778738 1.936303 2.254034 2.659825 1.910152
9.826660 2.285859 2.660097 1.964271 2.290055 2.744096 1.911140 2.245555 2.652427 1.901096
9.857178 2.266663 2.639987 1.946131 2.260999 2.710392 1.886116 2.236952 2.644894 1.891929
9.887695 2.247675 2.620277 1.928058 2.232556 2.677641 1.861454 2.228095 2.637011 1.882589
9.918213 2.228838 2.600888 1.910009 2.204562 2.645657 1.837009 2.219028 2.628858 1.873089
9.948730 2.210381 2.582178 1.892117 2.177367 2.614898 1.813044 2.209864 2.620658 1.863463
9.979248 2.192221 2.563887 1.874432 2.150874 2.585119 1.789574 2.200563 2.612154 1.853826
10.009766 2.174308 2.546113 1.856798 2.125006 2.556321 1.766465 2.191098 2.603530 1.844001
10.040283 2.156691 2.528810 1.839330 2.099843 2.528578 1.743803 2.181496 2.594634 1.834141
10.070801 2.139351 2.511907 1.822052 2.075383 2.501779 1.721661 2.171730 2.585465 1.824202
10.101318 2.122168 2.495294 1.804836 2.051469 2.475707 1.699929 2.161730 2.576011 1.814075
10.131836 2.105344 2.479114 1.787927 2.028325 2.450602 1.678813 2.151661 2.566390 1.803952
10.162354 2.088732 2.463187 1.771201 2.005823 2.426275 1.658232 2.141371 2.556432 1.793699
10.192871 2.072296 2.447445 1.754651 1.983902 2.402616 1.638160 2.130855 2.546141 1.783303
10.223389 2.056092 2.431875 1.738376 1.962613 2.379658 1.618658 2.120167 2.535491 1.772875
10.253906 2.040049 2.416502 1.722241 1.941877 2.357345 1.599632 2.109251 2.524588 1.762245
10.284424 2.024043 2.400983 1.706281 1.921605 2.335419 1.581116 2.097948 2.513067 1.751400
10.314941 2.008205 2.385574 1.690530 1.901837 2.314050 1.563054 2.086464 2.501282 1.740440
10.345459 1.992408 2.370030 1.674953 1.882486 2.292995 1.545469 2.074655 2.488981 1.729299
10.375977 1.976637 2.354446 1.659454 1.863493 2.272333 1.528212 2.062525 2.476312 1.717881
10.406494 1.960868 2.338721 1.644063 1.844853 2.252008 1.511311 2.050031 2.463145 1.706204
10.437012 1.945096 2.322733 1.628856 1.826542 2.231871 1.494824 2.037190 2.449409 1.694344
10.467529 1.929280 2.306583 1.613695 1.808487 2.211974 1.478601 2.023983 2.435255 1.682169
10.498047 1.913286 2.290095 1.598477 1.790592 2.192168 1.462580 2.010254 2.420449 1.669575
10.528564 1.897326 2.273441 1.583436 1.773051 2.172650 1.446947 1.996214 2.405199 1.656773
10.559082 1.881190 2.256470 1.568324 1.755578 2.153208 1.431378 1.981720 2.389376 1.643614
10.589600 1.864903 2.239176 1.553189 1.738188 2.133767 1.415946 1.966811 2.373044 1.630121
10.620117 1.848445 2.221538 1.538011 1.720907 2.114389 1.400650 1.951427 2.356101 1.616259
10.650635 1.831769 2.203499 1.522750 1.703613 2.094937 1.385386 1.935584 2.338557 1.602051
10.681152 1.814854 2.185057 1.507372 1.686291 2.075395 1.370138 1.919261 2.320406 1.587464
10.711670 1.797790 2.166355 1.491929 1.669039 2.055971 1.354927 1.902539 2.301729 1.572581
10.742188 1.780581 2.147384 1.476432 1.651864 2.036582 1.339821 1.885425 2.282565 1.557382
10.772705 1.763112 2.128076 1.460739 1.634575 2.017111 1.324586 1.867870 2.262878 1.541815
10.803223 1.745428 2.108440 1.444917 1.617239 1.997549 1.309335 1.849910 2.242689 1.525922
10.833740 1.727551 2.088556 1.428945 1.599867 1.978012 1.294014 1.831569 2.222044 1.509711
10.864258 1.709436 2.068374 1.412786 1.582427 1.958438 1.278608 1.812796 2.200894 1.493134
10.894775 1.691087 2.047859 1.396472 1.564888 1.938689 1.263160 1.793642 2.179274 1.476249
10.925293 1.672630 2.027210 1.380070 1.547357 1.919009 1.247682 1.774242 2.157343 1.459171
10.955811 1.654045 2.006424 1.363553 1.529811 1.899344 1.232174 1.754589 2.135143 1.441863
10.986328 1.635417 1.985574 1.347010 1.512327 1.879769 1.216709 1.734778 2.112738 1.424433
11.016846 1.616647 1.964576 1.330336 1.494787 1.860132 1.201198 1.714728 2.090108 1.406765
11.047363 1.597770 1.943434 1.313586 1.477227 1.840440 1.185694 1.694484 2.067246 1.388937
11.077881 1.578841 1.922233 1.296793 1.459688 1.820767 1.170214 1.674118 2.044250 1.371002
11.108398 1.559923 1.901060 1.280001 1.442238 1.801177 1.154828 1.653687 2.021232 1.352978
11.138916 1.541055 1.879951 1.263251 1.424880 1.781636 1.139562 1.633274 1.998292 1.334932
11.169434 1.522256 1.858985 1.246521 1.407659 1.762261 1.124410 1.612875 1.975473 1.316831
11.199951 1.503617 1.838127 1.229983 1.390643 1.743014 1.109508 1.592604 1.952756 1.298875
11.230469 1.485069 1.817421 1.213494 1.373725 1.723846 1.094716 1.572426 1.930261 1.280928
11.260986 1.466717 1.796947 1.197174 1.357045 1.704907 1.080159 1.552417 1.908020 1.263090
11.291504 1.448531 1.776627 1.181025 1.340548 1.686041 1.065852 1.532583 1.886016 1.245382
11.322021 1.430665 1.756670 1.165160 1.324389 1.667502 1.051877 1.513066 1.864438 1.227913
11.352539 1.413095 1.737044 1.149561 1.308528 1.649205 1.038224 1.493863 1.843299 1.210669
11.383057 1.395851 1.717755 1.134272 1.292990 1.631157 1.024931 1.475006 1.822614 1.193694
11.413574 1.378964 1.698865 1.119302 1.277811 1.613434 1.012004 1.456523 1.802432 1.176999
11.444092 1.362560 1.680455 1.104802 1.263091 1.596081 0.999573 1.438566 1.782870 1.160753
11.474609 1.346500 1.662450 1.090596 1.248690 1.578996 0.987479 1.420997 1.763865 1.144778
11.505127 1.330917 1.644949 1.076836 1.234738 1.562329 0.975838 1.403946 1.745487 1.129235
11.535645 1.315821 1.627960 1.063531 1.221263 1.546081 0.964687 1.387406 1.727752 1.114104
11.566162 1.301248 1.611502 1.050725 1.208271 1.530236 0.954048 1.371443 1.710701 1.099465
11.596680 1.287205 1.595668 1.038372 1.195771 1.514908 0.943865 1.356063 1.694396 1.085287
11.627197 1.273698 1.580338 1.026556 1.183765 1.499976 0.934215 1.341270 1.678734 1.071644
11.657715 1.260826 1.565674 1.015334 1.172351 1.485592 0.925159 1.327168 1.663873 1.058600
11.688232 1.248513 1.551574 1.004648 1.161439 1.471640 0.916624 1.313684 1.649730 1.046089
11.718750 1.236798 1.538143 0.994492 1.151062 1.458254 0.908582 1.300861 1.636365 1.034145
11.749268 1.225678 1.525317 0.984902 1.141240 1.445370 0.901104 1.288676 1.623719 1.022766
11.779785 1.215208 1.513185 0.975908 1.131997 1.433049 0.894189 1.277209 1.611899 1.012013
11.810303 1.205374 1.501714 0.967512 1.123323 1.421289 0.887823 1.266444 1.600837 1.001901
11.840820 1.196187 1.490922 0.959718 1.115229 1.410115 0.882011 1.256387 1.590546 0.992432
11.871338 1.187715 1.480862 0.952599 1.107791 1.399575 0.876839 1.247106 1.581065 0.983687
11.901855 1.179815 1.471413 0.946004 1.100860 1.389533 0.872158 1.238449 1.572291 0.975491
11.932373 1.172548 1.462681 0.939965 1.094489 1.380112 0.867978 1.230488 1.564303 0.967908
11.962891 1.165925 1.454626 0.934523 1.088697 1.371290 0.864341 1.223229 1.557045 0.960979
11.993408 1.159964 1.447222 0.929724 1.083516 1.363053 0.861307 1.216675 1.550478 0.954737
12.023926 1.154649 1.440544 0.925494 1.078899 1.355438 0.858779 1.210836 1.544706 0.949128
12.054443 1.149938 1.434453 0.921854 1.074821 1.348341 0.856787 1.205649 1.539568 0.944155
12.084961 1.145874 1.429074 0.918796 1.071325 1.341920 0.855294 1.201169 1.535141 0.939853
12.115479 1.142453 1.424372 0.916332 1.068389 1.336098 0.854320 1.197396 1.531437 0.936216
12.145996 1.139599 1.420286 0.914383 1.065951 1.330843 0.853784 1.194241 1.528378 0.933154
12.176514 1.137350 1.416849 0.912988 1.064056 1.326193 0.853733 1.191741 1.525982 0.930709
12.207031 1.135659 1.414011 0.912101 1.062651 1.322117 0.854105 1.189846 1.524195 0.928841
12.237549 1.134554 1.411796 0.911755 1.061782 1.318633 0.854962 1.188574 1.523039 0.927559
12.268066 1.133994 1.410150 0.911919 1.061402 1.315694 0.856258 1.187890 1.522465 0.926840
12.298584 1.133966 1.409083 0.912564 1.061484 1.313315 0.857942 1.187785 1.522488 0.926663
12.329102 1.134511 1.408641 0.913729 1.062083 1.311562 0.860059 1.188298 1.523134 0.927070
12.359619 1.135513 1.408685 0.915315 1.063090 1.310306 0.862516 1.189300 1.524263 0.927946
12.390137 1.137034 1.409317 0.917356 1.064562 1.309665 0.865330 1.190857 1.525976 0.929333
12.420654 1.139042 1.410487 0.919835 1.066462 1.309558 0.868493 1.192941 1.528250 0.931202
12.451172 1.141480 1.412112 0.922715 1.068762 1.309962 0.871973 1.195471 1.530963 0.933497
12.481689 1.144357 1.414200 0.926003 1.071462 1.310862 0.875783 1.198464 1.534142 0.936234
12.512207 1.147650 1.416775 0.929647 1.074530 1.312319 0.879828 1.201901 1.537790 0.939377
12.542725 1.151344 1.419811 0.933641 1.077959 1.314250 0.884152 1.205767 1.541922 0.942897
12.573242 1.155440 1.423279 0.938005 1.081772 1.316699 0.888760 1.210042 1.546462 0.946807
12.603760 1.159856 1.427130 0.942637 1.085861 1.319581 0.893536 1.214663 1.551387 0.951024
12.634277 1.164607 1.431361 0.947566 1.090260 1.322916 0.898521 1.219631 1.556688 0.955554
12.664795 1.169690 1.436009 0.952763 1.094972 1.326735 0.903695 1.224935 1.562403 0.960357
12.695312 1.175037 1.440995 0.958166 1.099943 1.330985 0.909007 1.230499 1.568427 0.965380
12.725830 1.180684 1.446343 0.963819 1.105201 1.335686 0.914488 1.236368 1.574788 0.970673
12.756348 1.186588 1.451986 0.969699 1.110695 1.340751 0.920114 1.242503 1.581438 0.976208
12.786865 1.192734 1.457969 0.975750 1.116436 1.346236 0.925862 1.248873 1.588397 0.981923
12.817383 1.199066 1.464210 0.981936 1.122368 1.352024 0.931723 1.255417 1.595614 0.987752
12.847900 1.205597 1.470726 0.988263 1.128475 1.358159 0.937633 1.262175 1.603090 0.993759
12.878418 1.212279 1.477473 0.994685 1.134762 1.364625 0.943618 1.269052 1.610739 0.999847
12.908936 1.219121 1.484441 1.001222 1.141206 1.371362 0.949677 1.276090 1.618598 1.006060
12.939453 1.226075 1.491624 1.007801 1.147765 1.378339 0.955763 1.283234 1.626668 1.012308
12.969971 1.233109 1.498926 1.014431 1.154432 1.385513 0.961891 1.290431 1.634804 1.018600
13.000488 1.240247 1.506430 1.021098 1.161210 1.392918 0.968046 1.297725 1.643115 1.024938
13.031006 1.247460 1.514063 1.027801 1.168076 1.400467 0.974247 1.305086 1.651543 1.031308
13.061523 1.254747 1.521837 1.034533 1.175025 1.408181 0.980473 1.312514 1.660084 1.037715
13.092041 1.262028 1.529700 1.041195 1.181997 1.415980 0.986679 1.319915 1.668695 1.044035
13.122559 1.269326 1.537614 1.047851 1.189016 1.423871 0.992899 1.327307 1.677314 1.050336
13.153076 1.276635 1.545604 1.054473 1.196037 1.431792 0.999101 1.334720 1.686023 1.056615
13.183594 1.283914 1.553627 1.061024 1.203052 1.439743 1.005273 1.342086 1.694734 1.062819
13.214111 1.291191 1.561685 1.067548 1.210092 1.447747 1.011449 1.349432 1.703431 1.068999
13.244629 1.298427 1.569738 1.074009 1.217095 1.455696 1.017603 1.356735 1.712135 1.075108
13.275146 1.305609 1.577787 1.080383 1.224063 1.463617 1.023717 1.363970 1.720823 1.081118
13.305664 1.312715 1.585763 1.086682 1.230970 1.471464 1.029782 1.371120 1.729409 1.087059
13.336182 1.319773 1.593744 1.092899 1.237843 1.479265 1.035822 1.378218 1.737998 1.092915
13.366699 1.326740 1.601615 1.099040 1.244633 1.486932 1.041817 1.385215 1.746480 1.098678
13.397217 1.333622 1.609425 1.105083 1.251345 1.494504 1.047749 1.392129 1.754884 1.104359
13.427734 1.340401 1.617124 1.111031 1.257945 1.501928 1.053597 1.398947 1.763187 1.109952
13.458252 1.347067 1.624734 1.116853 1.264410 1.509164 1.059350 1.405677 1.771449 1.115431
13.488770 1.353627 1.632191 1.122605 1.270765 1.516231 1.065038 1.412305 1.779562 1.120840
13.519287 1.360080 1.639561 1.128240 1.277019 1.523181 1.070639 1.418818 1.787595 1.126118
13.549805 1.366441 1.646803 1.133809 1.283152 1.529988 1.076138 1.425262 1.795507 1.131364
13.580322 1.372687 1.653908 1.139283 1.289142 1.536586 1.081545 1.431613 1.803335 1.136515
13.610840 1.378810 1.660867 1.144653 1.294997 1.543030 1.086833 1.437845 1.811032 1.141558
13.641357 1.384811 1.667639 1.149950 1.300716 1.549275 1.092035 1.443966 1.818547 1.146540
13.671875 1.390714 1.674300 1.155161 1.306286 1.555337 1.097116 1.450027 1.826026 1.151450
13.702393 1.396468 1.680778 1.160250 1.311666 1.561201 1.102016 1.455968 1.833349 1.156268
13.732910 1.402127 1.687159 1.165249 1.316912 1.566937 1.106782 1.461843 1.840613 1.161018
13.763428 1.407675 1.693376 1.170176 1.322009 1.572481 1.111433 1.467632 1.847749 1.165712
13.793945 1.413088 1.699422 1.174998 1.326922 1.577830 1.115913 1.473320 1.854763 1.170323
13.824463 1.418398 1.705325 1.179747 1.331685 1.583032 1.120246 1.478937 1.861668 1.174890
13.854980 1.423561 1.711056 1.184371 1.336245 1.588039 1.124375 1.484444 1.868433 1.179370
13.885498 1.428639 1.716661 1.188942 1.340666 1.592902 1.128371 1.489904 1.875129 1.183819
13.916016 1.433604 1.722127 1.193420 1.344918 1.597622 1.132185 1.495293 1.881700 1.188234
13.946533 1.438410 1.727398 1.197769 1.348954 1.602137 1.135781 1.500567 1.888118 1.192564
13.977051 1.443132 1.732584 1.202036 1.352844 1.606541 1.139209 1.505796 1.894493 1.196849
14.007568 1.447729 1.737602 1.206213 1.356559 1.610778 1.142462 1.510936 1.900726 1.201081
14.038086 1.452219 1.742533 1.210273 1.360104 1.614877 1.145526 1.516017 1.906921 1.205245
14.068604 1.456615 1.747359 1.214248 1.363504 1.618884 1.148411 1.521036 1.913035 1.209362
14.099121 1.460872 1.752000 1.218121 1.366734 1.622728 1.151124 1.525943 1.918941 1.213430
14.129639 1.465009 1.756513 1.221883 1.369763 1.626396 1.153625 1.530791 1.924778 1.217450
14.160156 1.469002 1.760868 1.225514 1.372617 1.629926 1.155928 1.535525 1.930433 1.221403
14.190674 1.472945 1.765198 1.229079 1.375364 1.633386 1.158102 1.540252 1.936098 1.225338
14.221191 1.476744 1.769363 1.232519 1.377923 1.636692 1.160067 1.544873 1.941586 1.229218
14.251709 1.480416 1.773394 1.235840 1.380312 1.639861 1.161844 1.549404 1.946944 1.233036
14.282227 1.483986 1.777331 1.239057 1.382565 1.642941 1.163454 1.553866 1.952183 1.236820
14.312744 1.487421 1.781126 1.242147 1.384650 1.645869 1.164889 1.558225 1.957264 1.240540
14.343262 1.490734 1.784800 1.245119 1.386583 1.648689 1.166145 1.562493 1.962199 1.244209
14.373779 1.493921 1.788335 1.247976 1.388375 1.651362 1.167270 1.566658 1.966969 1.247818
14.404297 1.496952 1.791705 1.250688 1.389990 1.653887 1.168201 1.570697 1.971526 1.251360
14.434814 1.499856 1.794922 1.253296 1.391467 1.656251 1.169013 1.574638 1.975888 1.254871
14.465332 1.502651 1.798041 1.255788 1.392816 1.658535 1.169668 1.578489 1.980122 1.258319
14.495850 1.505309 1.801008 1.258160 1.394036 1.660691 1.170198 1.582210 1.984143 1.261699
14.526367 1.507812 1.803820 1.260380 1.395107 1.662705 1.170577 1.585789 1.987947 1.264987
14.556885 1.510204 1.806506 1.262501 1.396088 1.664654 1.170851 1.589256 1.991533 1.268236
14.587402 1.512416 1.808964 1.264482 1.396899 1.666412 1.170975 1.592552 1.994820 1.271404
14.617920 1.514482 1.811261 1.266330 1.397581 1.668036 1.170978 1.595706 1.997883 1.274488
14.648438 1.516424 1.813400 1.268083 1.398174 1.669555 1.170904 1.598727 2.000697 1.277519
14.678955 1.518231 1.815359 1.269735 1.398656 1.670962 1.170725 1.601609 2.003243 1.280500
14.709473 1.519917 1.817188 1.271276 1.399043 1.672265 1.170461 1.604372 2.005582 1.283422
14.739990 1.521451 1.818785 1.272725 1.399331 1.673435 1.170124 1.606962 2.007574 1.286293
14.770508 1.522819 1.820172 1.274043 1.399510 1.674478 1.169696 1.609360 2.009241 1.289063
14.801025 1.524085 1.821412 1.275294 1.399629 1.675411 1.169242 1.611645 2.010690 1.291795
14.831543 1.525147 1.822376 1.276395 1.399605 1.676165 1.168676 1.613692 2.011743 1.294401
14.862061 1.526123 1.823223 1.277436 1.399554 1.676872 1.168097 1.615626 2.012587 1.296961
14.892578 1.526956 1.823837 1.278400 1.399426 1.677443 1.167487 1.617377 2.013098 1.299444
14.923096 1.527651 1.824256 1.279271 1.399223 1.677924 1.166814 1.618959 2.013291 1.301862
14.953613 1.528237 1.824506 1.280077 1.398987 1.678341 1.166130 1.620384 2.013209 1.304208
14.984131 1.528676 1.824510 1.280809 1.398657 1.678582 1.165414 1.621631 2.012805 1.306479
15.014648 1.529019 1.824355 1.281493 1.398313 1.678742 1.164728 1.622732 2.012148 1.308680
15.045166 1.529259 1.823997 1.282148 1.397969 1.678847 1.164083 1.623654 2.011162 1.310811
15.075684 1.529358 1.823430 1.282712 1.397548 1.678809 1.163408 1.624399 2.009877 1.312852
15.106201 1.529356 1.822698 1.283224 1.397102 1.678701 1.162741 1.624991 2.008331 1.314821
15.136719 1.529262 1.821809 1.283693 1.396643 1.678547 1.162083 1.625430 2.006534 1.316709
15.167236 1.529082 1.820771 1.284122 1.396195 1.678347 1.161476 1.625711 2.004484 1.318512
15.197754 1.528830 1.819587 1.284535 1.395750 1.678084 1.160917 1.625863 2.002218 1.320251
15.228271 1.528461 1.818236 1.284868 1.395283 1.677738 1.160380 1.625820 1.999707 1.321838
15.258789 1.528090 1.816826 1.285241 1.394880 1.677406 1.159939 1.625722 1.997078 1.323420
15.289307 1.527625 1.815262 1.285565 1.394468 1.676992 1.159542 1.625467 1.994217 1.324902
15.319824 1.527109 1.813611 1.285866 1.394088 1.676589 1.159188 1.625086 1.991196 1.326291
15.350342 1.526551 1.811889 1.286148 1.393754 1.676189 1.158909 1.624585 1.988037 1.327579
15.380859 1.525979 1.810130 1.286434 1.393462 1.675779 1.158707 1.624023 1.984817 1.328813
15.411377 1.525373 1.808286 1.286723 1.393220 1.675385 1.158577 1.623355 1.981428 1.329991
15.441895 1.524738 1.806421 1.286979 1.393014 1.674982 1.158513 1.622592 1.978006 1.331039
15.472412 1.524094 1.804560 1.287219 1.392883 1.674642 1.158531 1.621741 1.974543 1.331977
15.502930 1.523432 1.802670 1.287448 1.392791 1.674309 1.158607 1.620818 1.971018 1.332840
15.533447 1.522764 1.800782 1.287669 1.392785 1.674049 1.158778 1.619801 1.967440 1.333588
15.563965 1.522124 1.798959 1.287891 1.392859 1.673904 1.159001 1.618754 1.963888 1.334273
15.594482 1.521512 1.797167 1.288138 1.393030 1.673832 1.159335 1.617660 1.960348 1.334878
15.625000 1.520910 1.795436 1.288359 1.393288 1.673859 1.159746 1.616500 1.956837 1.335355
15.655518 1.520345 1.793798 1.288578 1.393619 1.673963 1.160226 1.615335 1.953423 1.335761
15.686035 1.519790 1.792201 1.288784 1.394031 1.674141 1.160787 1.614109 1.950017 1.336064
15.716553 1.519299 1.790754 1.288994 1.394565 1.674497 1.161430 1.612882 1.946734 1.336283
15.747070 1.518854 1.789380 1.289227 1.395189 1.674950 1.162155 1.611646 1.943507 1.336451
15.777588 1.518463 1.788150 1.289450 1.395916 1.675583 1.162928 1.610404 1.940400 1.336528
15.808105 1.518085 1.786962 1.289665 1.396696 1.676259 1.163758 1.609134 1.937314 1.336548
15.838623 1.517809 1.785999 1.289891 1.397621 1.677185 1.164657 1.607907 1.934436 1.336495
15.869141 1.517597 1.785155 1.290140 1.398643 1.678241 1.165627 1.606701 1.931662 1.336408
15.899658 1.517457 1.784498 1.290377 1.399773 1.679496 1.166639 1.605521 1.929047 1.336255
15.930176 1.517373 1.783994 1.290599 1.400988 1.680919 1.167676 1.604360 1.926553 1.336050
15.960693 1.517337 1.783617 1.290810 1.402280 1.682479 1.168746 1.603205 1.924169 1.335780
15.991211 1.517396 1.783417 1.291056 1.403707 1.684230 1.169907 1.602096 1.921933 1.335484
16.021729 1.517501 1.783358 1.291277 1.405197 1.686127 1.171074 1.601003 1.919812 1.335137
16.052246 1.517712 1.783512 1.291525 1.406810 1.688259 1.172282 1.599982 1.917872 1.334784
16.082764 1.517984 1.783818 1.291766 1.408508 1.690583 1.173497 1.598990 1.916023 1.334415
16.113281 1.518327 1.784301 1.292000 1.410285 1.693087 1.174721 1.598048 1.914318 1.334030
16.143799 1.518740 1.784931 1.292246 1.412153 1.695771 1.175971 1.597146 1.912705 1.333648
16.174316 1.519218 1.785708 1.292497 1.414108 1.698623 1.177249 1.596279 1.911196 1.333252
16.204834 1.519793 1.786611 1.292822 1.416166 1.701620 1.178598 1.595497 1.909775 1.332937
16.235352 1.520434 1.787675 1.293142 1.418282 1.704778 1.179933 1.594775 1.908481 1.332634
16.265869 1.521141 1.788864 1.293486 1.420477 1.708071 1.181306 1.594101 1.907273 1.332352
16.296387 1.521903 1.790172 1.293836 1.422720 1.711510 1.182658 1.593480 1.906122 1.332118
16.326904 1.522730 1.791602 1.294209 1.425027 1.715093 1.184019 1.592915 1.905049 1.331923
16.357422 1.523624 1.793159 1.294604 1.427390 1.718815 1.185376 1.592422 1.904054 1.331794
16.387939 1.524581 1.794789 1.295053 1.429804 1.722602 1.186773 1.592003 1.903105 1.331757
16.418457 1.525575 1.796467 1.295531 1.432266 1.726493 1.188182 1.591605 1.902137 1.331768
16.448975 1.526611 1.798206 1.296037 1.434751 1.730441 1.189587 1.591259 1.901211 1.331839
16.479492 1.527694 1.800018 1.296569 1.437273 1.734459 1.191007 1.590966 1.900329 1.331966
16.510010 1.528820 1.801888 1.297134 1.439820 1.738553 1.192417 1.590733 1.899462 1.332183
16.540527 1.529989 1.803774 1.297760 1.442400 1.742684 1.193858 1.590550 1.898579 1.332496
16.571045 1.531206 1.805689 1.298447 1.444994 1.746839 1.195307 1.590446 1.897711 1.332931
16.601562 1.532437 1.807591 1.299168 1.447590 1.750989 1.196762 1.590372 1.896796 1.333451
16.632080 1.533724 1.809528 1.299958 1.450218 1.755148 1.198265 1.590378 1.895922 1.334076
16.662598 1.535007 1.811415 1.300777 1.452817 1.759272 1.199745 1.590406 1.894977 1.334787
16.693115 1.536336 1.813303 1.301673 1.455437 1.763396 1.201259 1.590505 1.894035 1.335618
16.723633 1.537654 1.815111 1.302610 1.458040 1.767443 1.202799 1.590609 1.893000 1.336522
16.754150 1.538995 1.816875 1.303615 1.460623 1.771422 1.204354 1.590774 1.891945 1.337546
16.784668 1.540341 1.818575 1.304676 1.463203 1.775331 1.205951 1.590958 1.890837 1.338639
16.815186 1.541714 1.820180 1.305850 1.465772 1.779106 1.207622 1.591216 1.889681 1.339891
16.845703 1.543071 1.821700 1.307058 1.468296 1.782793 1.209278 1.591486 1.888451 1.341219
16.876221 1.544441 1.823141 1.308346 1.470805 1.786394 1.210969 1.591807 1.887169 1.342672
16.906738 1.545788 1.824447 1.309690 1.473248 1.789795 1.212687 1.592152 1.885834 1.344205
16.937256 1.547153 1.825709 1.311097 1.475680 1.793124 1.214435 1.592547 1.884499 1.345826
16.967773 1.548524 1.826879 1.312580 1.478084 1.796319 1.216228 1.592993 1.883124 1.347561
16.998291 1.549880 1.827898 1.314148 1.480453 1.799345 1.218078 1.593447 1.881657 1.349382
17.028809 1.551232 1.828793 1.315797 1.482773 1.802187 1.219970 1.593947 1.880156 1.351307
17.059326 1.552562 1.829560 1.317502 1.485045 1.804879 1.221886 1.594463 1.878587 1.353311
17.089844 1.553889 1.830233 1.319270 1.487282 1.807424 1.223845 1.595007 1.877013 1.355369
17.120361 1.555214 1.830765 1.321136 1.489476 1.809774 1.225865 1.595598 1.875402 1.357540
17.150879 1.556540 1.831204 1.323073 1.491653 1.811987 1.227949 1.596214 1.873786 1.359760
17.181396 1.557827 1.831500 1.325048 1.493740 1.814003 1.230020 1.596845 1.872110 1.362053
17.211914 1.559095 1.831636 1.327108 1.495786 1.815826 1.232154 1.597482 1.870380 1.364401
17.242432 1.560373 1.831709 1.329232 1.497816 1.817528 1.234342 1.598161 1.868683 1.366802
17.272949 1.561646 1.831675 1.331426 1.499789 1.819037 1.236571 1.598885 1.867035 1.369249
17.303467 1.562908 1.831529 1.333684 1.501737 1.820387 1.238865 1.599623 1.865373 1.371733
17.333984 1.564137 1.831261 1.335978 1.503620 1.821558 1.241176 1.600362 1.863701 1.374232
17.364502 1.565369 1.830906 1.338342 1.505460 1.822572 1.243523 1.601147 1.862076 1.376782
17.395020 1.566577 1.830453 1.340741 1.507237 1.823421 1.245880 1.601954 1.860481 1.379352
17.425537 1.567782 1.829928 1.343189 1.508999 1.824155 1.248291 1.602767 1.858909 1.381919
17.456055 1.568988 1.829357 1.345677 1.510728 1.824782 1.250724 1.603616 1.857410 1.384499
17.486572 1.570218 1.828748 1.348237 1.512451 1.825307 1.253219 1.604519 1.856011 1.387104
17.517090 1.571418 1.828056 1.350809 1.514121 1.825681 1.255731 1.605413 1.854659 1.389664
17.547607 1.572634 1.827330 1.353439 1.515792 1.826006 1.258279 1.606338 1.853345 1.392251
17.578125 1.573857 1.826567 1.356110 1.517414 1.826190 1.260847 1.607321 1.852161 1.394846
17.608643 1.575091 1.825780 1.358824 1.519021 1.826306 1.263438 1.608339 1.851065 1.397442
17.639160 1.576320 1.824994 1.361531 1.520598 1.826343 1.266037 1.609377 1.850093 1.399981
17.669678 1.577548 1.824189 1.364254 1.522153 1.826335 1.268634 1.610428 1.849186 1.402498
17.700195 1.578792 1.823449 1.366962 1.523697 1.826330 1.271212 1.611520 1.848442 1.404965
17.730713 1.580059 1.822753 1.369679 1.525226 1.826309 1.273780 1.612667 1.847844 1.407421
17.761230 1.581327 1.822062 1.372399 1.526739 1.826245 1.276352 1.613827 1.847350 1.409824
17.791748 1.582632 1.821433 1.375138 1.528251 1.826191 1.278920 1.615057 1.847005 1.412237
17.822266 1.583963 1.820897 1.377859 1.529776 1.826199 1.281468 1.616320 1.846822 1.414587
17.852783 1.585297 1.820423 1.380539 1.531279 1.826219 1.283972 1.617607 1.846765 1.416883
17.883301 1.586658 1.820031 1.383210 1.532789 1.826297 1.286452 1.618937 1.846829 1.419165
17.913818 1.588063 1.819765 1.385862 1.534319 1.826477 1.288894 1.620324 1.847056 1.421423
17.944336 1.589471 1.819575 1.388466 1.535824 1.826700 1.291265 1.621740 1.847396 1.423648
17.974854 1.590906 1.819489 1.391040 1.537311 1.826961 1.293582 1.623220 1.847910 1.425850
18.005371 1.592382 1.819561 1.393567 1.538818 1.827375 1.295825 1.624757 1.848564 1.428047
18.035889 1.593886 1.819756 1.396051 1.540323 1.827886 1.297999 1.626345 1.849359 1.430224
18.066406 1.595408 1.820101 1.398454 1.541831 1.828531 1.300084 1.627958 1.850289 1.432343
18.096924 1.596987 1.820607 1.400833 1.543368 1.829316 1.302117 1.629650 1.851372 1.434482
18.127441 1.598599 1.821291 1.403136 1.544902 1.830246 1.304044 1.631407 1.852621 1.436607
18.157959 1.600241 1.822127 1.405375 1.546443 1.831333 1.305871 1.633204 1.853990 1.438711
18.188477 1.601928 1.823119 1.407573 1.547971 1.832511 1.307612 1.635101 1.855514 1.440870
18.218994 1.603620 1.824256 1.409669 1.549490 1.833862 1.309215 1.637010 1.857111 1.442995
18.249512 1.605375 1.825597 1.411719 1.551044 1.835403 1.310741 1.639003 1.858862 1.445148
18.280029 1.607175 1.827140 1.413691 1.552607 1.837149 1.312135 1.641065 1.860761 1.447308
18.310547 1.609020 1.828878 1.415592 1.554175 1.839064 1.313419 1.643205 1.862809 1.449490
18.341064 1.610887 1.830742 1.417435 1.555726 1.841100 1.314585 1.645398 1.864932 1.451707
18.371582 1.612843 1.832845 1.419249 1.557316 1.843332 1.315679 1.647720 1.867278 1.453979
18.402100 1.614802 1.835080 1.420966 1.558873 1.845705 1.316616 1.650077 1.869671 1.456274
18.432617 1.616807 1.837487 1.422630 1.560439 1.848244 1.317450 1.652502 1.872176 1.458604
18.463135 1.618852 1.840080 1.424221 1.561995 1.850942 1.318155 1.655010 1.874820 1.460971
18.493652 1.620916 1.842797 1.425751 1.563522 1.853752 1.318731 1.657580 1.877528 1.463399
18.524170 1.623032 1.845695 1.427232 1.565062 1.856725 1.319215 1.660229 1.880382 1.465852
18.554688 1.625187 1.848747 1.428661 1.566583 1.859843 1.319565 1.662964 1.883332 1.468381
18.585205 1.627402 1.851948 1.430083 1.568101 1.863082 1.319823 1.665811 1.886402 1.471015
18.615723 1.629663 1.855309 1.431461 1.569615 1.866444 1.319992 1.668743 1.889614 1.473690
18.646240 1.631955 1.858783 1.432808 1.571100 1.869871 1.320066 1.671760 1.892937 1.476426
18.676758 1.634266 1.862371 1.434100 1.572549 1.873396 1.320015 1.674836 1.896343 1.479203
18.707275 1.636602 1.866075 1.435347 1.573961 1.876973 1.319867 1.677991 1.899877 1.482020
18.737793 1.638989 1.869911 1.436584 1.575354 1.880625 1.319636 1.681256 1.903571 1.484905
18.768311 1.641390 1.873816 1.437794 1.576703 1.884309 1.319313 1.684584 1.907324 1.487856
18.798828 1.643846 1.877852 1.439000 1.578036 1.888071 1.318912 1.688020 1.911248 1.490865
18.829346 1.646335 1.881977 1.440199 1.579352 1.891861 1.318465 1.691532 1.915301 1.493908
18.859863 1.648850 1.886199 1.441368 1.580606 1.895667 1.317909 1.695144 1.919499 1.497013
18.890381 1.651379 1.890473 1.442525 1.581819 1.899463 1.317293 1.698818 1.923794 1.500152
18.920898 1.653942 1.894805 1.443697 1.582982 1.903258 1.316602 1.702590 1.928202 1.503377
18.951416 1.656520 1.899178 1.444866 1.584087 1.906991 1.315860 1.706441 1.932746 1.506634
18.981934 1.659142 1.903624 1.446059 1.585174 1.910720 1.315093 1.710388 1.937442 1.509943
19.012451 1.661766 1.908109 1.447227 1.586166 1.914367 1.314231 1.714422 1.942281 1.513294
19.042969 1.664413 1.912637 1.448404 1.587113 1.917974 1.313327 1.718532 1.947260 1.516670
19.073486 1.667089 1.917212 1.449598 1.588000 1.921511 1.312375 1.722745 1.952418 1.520090
19.104004 1.669784 1.921806 1.450813 1.588839 1.924980 1.311395 1.727032 1.957690 1.523550
19.134521 1.672493 1.926417 1.452039 1.589607 1.928347 1.310371 1.731401 1.963121 1.527032
19.165039 1.675222 1.931049 1.453288 1.590309 1.931611 1.309313 1.735865 1.968708 1.530561
19.195557 1.677960 1.935711 1.454529 1.590949 1.934796 1.308210 1.740393 1.974446 1.534084
19.226074 1.680713 1.940368 1.455804 1.591534 1.937851 1.307108 1.744997 1.980327 1.537633
19.256592 1.683497 1.945054 1.457112 1.592059 1.940807 1.305979 1.749705 1.986390 1.541222
19.287109 1.686264 1.949700 1.458422 1.592490 1.943599 1.304809 1.754462 1.992555 1.544819
19.317627 1.689049 1.954376 1.459742 1.592865 1.946279 1.303625 1.759301 1.998900 1.548422
19.348145 1.691849 1.959036 1.461103 1.593175 1.948834 1.302423 1.764217 2.005366 1.552066
19.378662 1.694658 1.963686 1.462488 1.593422 1.951250 1.301214 1.769201 2.011966 1.555728
19.409180 1.697446 1.968295 1.463868 1.593575 1.953499 1.299966 1.774223 2.018664 1.559382
19.439697 1.700268 1.972945 1.465278 1.593692 1.955660 1.298720 1.779337 2.025548 1.563054
19.470215 1.703086 1.977544 1.466719 1.593739 1.957654 1.297473 1.784500 2.032510 1.566753
19.500732 1.705899 1.982134 1.468161 1.593710 1.959489 1.296211 1.789720 2.039619 1.570440
19.531250 1.708722 1.986663 1.469667 1.593611 1.961126 1.294969 1.795013 2.046825 1.574180
19.561768 1.711571 1.991208 1.471205 1.593474 1.962662 1.293732 1.800382 2.054166 1.577952
19.592285 1.714377 1.995687 1.472721 1.593249 1.964026 1.292469 1.805744 2.061550 1.581679
19.622803 1.717196 2.000119 1.474294 1.592973 1.965225 1.291234 1.811167 2.069012 1.585456
19.653320 1.720009 2.004532 1.475872 1.592631 1.966273 1.289990 1.816635 2.076591 1.589222
19.683838 1.722846 2.008936 1.477498 1.592252 1.967196 1.288772 1.822170 2.084275 1.593025
19.714355 1.725666 2.013300 1.479126 1.591811 1.967987 1.287541 1.827726 2.092002 1.596835
19.744873 1.728504 2.017645 1.480798 1.591334 1.968654 1.286333 1.833340 2.099809 1.600687
19.775391 1.731381 2.022006 1.482527 1.590862 1.969239 1.285187 1.839020 2.107718 1.604576
19.805908 1.734195 2.026242 1.484241 1.590281 1.969624 1.283998 1.844667 2.115571 1.608454
19.836426 1.737024 2.030450 1.486003 1.589681 1.969901 1.282849 1.850356 2.123470 1.612370
19.866943 1.739842 2.034603 1.487785 1.589047 1.970040 1.281735 1.856051 2.131375 1.616292
19.897461 1.742654 2.038706 1.489592 1.588374 1.970043 1.280648 1.861761 2.139312 1.620219
19.927979 1.745478 2.042802 1.491428 1.587698 1.970001 1.279585 1.867492 2.147253 1.624180
19.958496 1.748314 2.046850 1.493319 1.587016 1.969857 1.278579 1.873245 2.155192 1.628183
19.989014 1.751135 2.050856 1.495216 1.586284 1.969594 1.277572 1.879009 2.163135 1.632203
20.019531 1.753952 2.054791 1.497159 1.585532 1.969216 1.276605 1.884778 2.171043 1.636259
20.050049 1.756789 2.058715 1.499143 1.584791 1.968798 1.275684 1.890570 2.178948 1.640358
20.080566 1.759603 2.062539 1.501160 1.584050 1.968268 1.274834 1.896317 2.186754 1.644455
20.111084 1.762449 2.066357 1.503238 1.583317 1.967688 1.274030 1.902109 2.194586 1.648611
20.141602 1.765288 2.070115 1.505347 1.582586 1.967029 1.273279 1.907889 2.202361 1.652790
20.172119 1.768138 2.073833 1.507503 1.581877 1.966334 1.272589 1.913660 2.210084 1.656993
20.202637 1.770986 2.077505 1.509691 1.581167 1.965591 1.271928 1.919422 2.217749 1.661226
20.233154 1.773826 2.081118 1.511907 1.580474 1.964811 1.271317 1.925153 2.225313 1.665480
20.263672 1.776693 2.084705 1.514189 1.579830 1.964027 1.270789 1.930891 2.232827 1.669785
20.294189 1.779541 2.088230 1.516483 1.579196 1.963190 1.270309 1.936580 2.240262 1.674064
20.324707 1.782383 2.091693 1.518813 1.578606 1.962353 1.269902 1.942220 2.247560 1.678362
20.355225 1.785233 2.095111 1.521187 1.578038 1.961488 1.269548 1.947853 2.254798 1.682692
20.385742 1.788093 2.098499 1.523601 1.577512 1.960633 1.269255 1.953464 2.261960 1.687042
20.416260 1.790966 2.101866 1.526053 1.577036 1.959791 1.269035 1.959057 2.269059 1.691408
20.446777 1.793849 2.105181 1.528559 1.576617 1.958949 1.268906 1.964622 2.276054 1.695803
20.477295 1.796721 2.108425 1.531099 1.576240 1.958108 1.268844 1.970131 2.282906 1.700208
20.507812 1.799602 2.111633 1.533679 1.575922 1.957280 1.268868 1.975605 2.289679 1.704612
20.538330 1.802515 2.114824 1.536325 1.575683 1.956490 1.268995 1.981077 2.296374 1.709071
20.568848 1.805428 2.117983 1.538997 1.575503 1.955754 1.269183 1.986499 2.302960 1.713524
20.599365 1.808349 2.121120 1.541698 1.575387 1.955071 1.269439 1.991883 2.309457 1.717979
20.629883 1.811286 2.124221 1.544452 1.575356 1.954426 1.269808 1.997226 2.315854 1.722437
20.660400 1.814223 2.127255 1.547255 1.575396 1.953803 1.270278 2.002512 2.322118 1.726896
20.690918 1.817173 2.130283 1.550085 1.575499 1.953247 1.270806 2.007772 2.328305 1.731366
20.721436 1.820119 2.133274 1.552934 1.575676 1.952733 1.271425 2.012968 2.334382 1.735809
20.751953 1.823075 2.136232 1.555825 1.575944 1.952269 1.272160 2.018118 2.340344 1.740258
20.782471 1.826046 2.139187 1.558744 1.576286 1.951892 1.272958 2.023233 2.346228 1.744703
20.812988 1.829042 2.142129 1.561715 1.576733 1.951584 1.273882 2.028310 2.352038 1.749140
20.843506 1.832017 2.145015 1.564691 1.577232 1.951306 1.274870 2.033314 2.357720 1.753544
20.874023 1.835026 2.147932 1.567704 1.577852 1.951151 1.275973 2.038285 2.363352 1.757928
20.904541 1.838057 2.150853 1.570750 1.578570 1.951076 1.277184 2.043222 2.368914 1.762309
20.935059 1.841087 2.153748 1.573816 1.579360 1.951037 1.278488 2.048109 2.374400 1.766657
20.965576 1.844119 2.156619 1.576902 1.580244 1.951103 1.279878 2.052927 2.379754 1.770986
20.996094 1.847158 2.159476 1.580010 1.581226 1.951238 1.281379 2.057686 2.385026 1.775272
21.026611 1.850213 2.162345 1.583138 1.582301 1.951462 1.282975 2.062404 2.390240 1.779533
21.057129 1.853306 2.165266 1.586292 1.583486 1.951808 1.284669 2.067107 2.395448 1.783771
21.087646 1.856401 2.168164 1.589466 1.584763 1.952211 1.286477 2.071745 2.400577 1.787957
21.118164 1.859510 2.171083 1.592651 1.586125 1.952690 1.288372 2.076353 2.405669 1.792117
21.148682 1.862618 2.173983 1.595847 1.587586 1.953247 1.290379 2.080885 2.410658 1.796225
21.179199 1.865731 2.176900 1.599041 1.589136 1.953893 1.292472 2.085363 2.415605 1.800268
21.209717 1.868845 2.179800 1.602248 1.590769 1.954605 1.294658 2.089784 2.420452 1.804290
21.240234 1.871989 2.182757 1.605466 1.592505 1.955425 1.296942 2.094182 2.425316 1.808258
21.270752 1.875124 2.185691 1.608686 1.594321 1.956294 1.299324 2.098511 2.430082 1.812181
21.301270 1.878256 2.188641 1.611889 1.596203 1.957231 1.301769 2.102785 2.434823 1.816028
21.331787 1.881435 2.191599 1.615167 1.598202 1.958211 1.304380 2.107063 2.439539 1.819899
21.362305 1.884603 2.194568 1.618418 1.600277 1.959289 1.307050 2.111265 2.444185 1.823692
21.392822 1.887769 2.197554 1.621654 1.602418 1.960423 1.309791 2.115419 2.448812 1.827416
21.423340 1.890936 2.200557 1.624878 1.604630 1.961599 1.312622 2.119525 2.453418 1.831072
21.453857 1.894103 2.203573 1.628095 1.606928 1.962844 1.315550 2.123572 2.457982 1.834659
21.484375 1.897282 2.206616 1.631311 1.609301 1.964166 1.318549 2.127584 2.462528 1.838197
21.514893 1.900460 2.209672 1.634517 1.611736 1.965519 1.321632 2.131553 2.467058 1.841675
21.545410 1.903677 2.212781 1.637752 1.614273 1.966978 1.324813 2.135519 2.471587 1.845147
21.575928 1.906865 2.215885 1.640939 1.616847 1.968459 1.328041 2.139406 2.476077 1.848513
21.606445 1.910047 2.218979 1.644125 1.619475 1.969952 1.331352 2.143243 2.480535 1.851815
21.636963 1.913234 2.222092 1.647305 1.622168 1.971489 1.334742 2.147044 2.484981 1.855064
21.667480 1.916406 2.225201 1.650463 1.624920 1.973062 1.338206 2.150779 2.489374 1.858238
21.697998 1.919608 2.228355 1.653639 1.627717 1.974661 1.341731 2.154529 2.493823 1.861397
21.728516 1.922778 2.231474 1.656787 1.630550 1.976273 1.345308 2.158199 2.498184 1.864483
21.759033 1.925958 2.234606 1.659942 1.633447 1.977925 1.348963 2.161838 2.502536 1.867523
21.789551 1.929120 2.237733 1.663069 1.636376 1.979575 1.352678 2.165420 2.506874 1.870474
21.820068 1.932276 2.240846 1.666197 1.639349 1.981240 1.356455 2.168961 2.511162 1.873392
21.850586 1.935441 2.243990 1.669318 1.642353 1.982928 1.360273 2.172494 2.515476 1.876277
21.881104 1.938581 2.247099 1.672421 1.645382 1.984597 1.364146 2.175965 2.519732 1.879098
21.911621 1.941700 2.250184 1.675507 1.648441 1.986269 1.368072 2.179374 2.523940 1.881848
21.942139 1.944822 2.253279 1.678591 1.651522 1.987950 1.372029 2.182767 2.528162 1.884560
21.972656 1.947938 2.256376 1.681662 1.654623 1.989639 1.376017 2.186135 2.532363 1.887244
22.003174 1.951018 2.259428 1.684706 1.657722 1.991301 1.380023 2.189437 2.536506 1.889857
22.033691 1.954078 2.262447 1.687739 1.660822 1.992935 1.384055 2.192702 2.540600 1.892443
22.064209 1.957136 2.265477 1.690763 1.663939 1.994576 1.388111 2.195946 2.544710 1.894982
22.094727 1.960171 2.268452 1.693785 1.667050 1.996165 1.392198 2.199149 2.548764 1.897491
22.125244 1.963159 2.271336 1.696795 1.670145 1.997708 1.396292 2.202279 2.552688 1.899971
22.155762 1.966150 2.274260 1.699781 1.673251 1.999280 1.400389 2.205398 2.556664 1.902394
22.186279 1.969099 2.277114 1.702747 1.676324 2.000770 1.404490 2.208467 2.560572 1.904779
22.216797 1.972037 2.279941 1.705715 1.679411 2.002274 1.408610 2.211497 2.564433 1.907135
22.247314 1.974914 2.282702 1.708627 1.682446 2.003714 1.412688 2.214454 2.568221 1.909418
22.277832 1.977783 2.285425 1.711552 1.685466 2.005100 1.416784 2.217403 2.571995 1.911697
22.308350 1.980604 2.288074 1.714452 1.688444 2.006438 1.420847 2.220292 2.575681 1.913939
22.338867 1.983402 2.290665 1.717354 1.691397 2.007721 1.424910 2.223153 2.579304 1.916180
22.369385 1.986150 2.293192 1.720218 1.694329 2.008992 1.428951 2.225936 2.582829 1.918357
22.399902 1.988865 2.295679 1.723057 1.697225 2.010243 1.432948 2.228681 2.586307 1.920506
22.430420 1.991562 2.298108 1.725906 1.700085 2.011432 1.436930 2.231413 2.589738 1.922667
22.460938 1.994211 2.300455 1.728735 1.702887 2.012567 1.440859 2.234095 2.593081 1.924807
22.491455 1.996814 2.302720 1.731546 1.705648 2.013653 1.444756 2.236719 2.596328 1.926919
22.521973 1.999406 2.304939 1.734373 1.708397 2.014710 1.448656 2.239329 2.599520 1.929047
22.552490 2.001915 2.307044 1.737141 1.711046 2.015671 1.452458 2.241857 2.602601 1.931116
22.583008 2.004375 2.309054 1.739898 1.713652 2.016584 1.456226 2.244325 2.605564 1.933169
22.613525 2.006775 2.310955 1.742633 1.716181 2.017430 1.459916 2.246734 2.608407 1.935209
22.644043 2.009166 2.312825 1.745376 1.718675 2.018249 1.463567 2.249147 2.611222 1.937278
22.674561 2.011507 2.314655 1.748062 1.721111 2.019074 1.467120 2.251507 2.613970 1.939305
22.705078 2.013784 2.316354 1.750738 1.723483 2.019820 1.470623 2.253800 2.616560 1.941333
22.735596 2.016006 2.317988 1.753365 1.725783 2.020525 1.474036 2.256041 2.619075 1.943328
22.766113 2.018173 2.319525 1.755973 1.728012 2.021193 1.477359 2.258231 2.621466 1.945327
22.796631 2.020288 2.320978 1.758553 1.730178 2.021807 1.480614 2.260367 2.623772 1.947295
22.827148 2.022342 2.322303 1.761126 1.732269 2.022352 1.483795 2.262447 2.625914 1.949288
22.857666 2.024340 2.323557 1.763656 1.734286 2.022867 1.486874 2.264476 2.627970 1.951259
22.888184 2.026301 2.324764 1.766156 1.736248 2.023366 1.489872 2.266475 2.629964 1.953224
22.918701 2.028211 2.325863 1.768650 1.738137 2.023830 1.492774 2.268431 2.631811 1.955224
22.949219 2.030061 2.326907 1.771084 1.739951 2.024268 1.495567 2.270334 2.633589 1.957183
22.979736 2.031831 2.327821 1.773476 1.741670 2.024640 1.498249 2.272157 2.635213 1.959119
23.010254 2.033551 2.328640 1.775856 1.743332 2.024985 1.500853 2.273932 2.636698 1.961076
23.040771 2.035210 2.329367 1.778200 1.744908 2.025293 1.503340 2.275655 2.638070 1.963028
23.071289 2.036817 2.330037 1.780498 1.746422 2.025599 1.505721 2.277330 2.639349 1.964967
23.101807 2.038380 2.330613 1.782790 1.747870 2.025850 1.508034 2.278972 2.640515 1.966931
23.132324 2.039864 2.331101 1.785012 1.749234 2.026101 1.510201 2.280530 2.641538 1.968859
23.162842 2.041316 2.331536 1.787221 1.750559 2.026373 1.512286 2.282057 2.642465 1.970806
23.193359 2.042697 2.331883 1.789374 1.751793 2.026596 1.514253 2.283523 2.643289 1.972722
23.223877 2.044017 2.332141 1.791489 1.752939 2.026789 1.516091 2.284944 2.643979 1.974664
23.254395 2.045290 2.332334 1.793573 1.754030 2.026973 1.517841 2.286320 2.644577 1.976595
23.284912 2.046488 2.332446 1.795588 1.755032 2.027132 1.519456 2.287627 2.645049 1.978502
23.315430 2.047641 2.332495 1.797574 1.755960 2.027266 1.520961 2.288905 2.645445 1.980418
23.345947 2.048744 2.332485 1.799520 1.756842 2.027423 1.522373 2.290130 2.645716 1.982335
23.376465 2.049783 2.332408 1.801404 1.757637 2.027563 1.523646 2.291302 2.645885 1.984237
23.406982 2.050776 2.332262 1.803263 1.758393 2.027707 1.524848 2.292421 2.645938 1.986137
23.437500 2.051697 2.332039 1.805055 1.759064 2.027829 1.525920 2.293474 2.645867 1.988015
23.468018 2.052564 2.331743 1.806810 1.759684 2.027941 1.526912 2.294467 2.645685 1.989873
23.498535 2.053388 2.331398 1.808529 1.760251 2.028051 1.527814 2.295423 2.645406 1.991743
23.529053 2.054156 2.331004 1.810189 1.760760 2.028167 1.528611 2.296324 2.645038 1.993583
23.559570 2.054895 2.330577 1.811823 1.761217 2.028298 1.529305 2.297210 2.644600 1.995452
23.590088 2.055575 2.330117 1.813381 1.761610 2.028404 1.529907 2.298040 2.644119 1.997259
23.620605 2.056195 2.329580 1.814894 1.761949 2.028512 1.530414 2.298803 2.643496 1.999056
23.651123 2.056757 2.328988 1.816347 1.762221 2.028601 1.530820 2.299514 2.642777 2.000835
23.681641 2.057285 2.328357 1.817771 1.762466 2.028712 1.531162 2.300183 2.641973 2.002610
23.712158 2.057724 2.327633 1.819114 1.762634 2.028790 1.531395 2.300756 2.641013 2.004336
23.742676 2.058150 2.326942 1.820408 1.762764 2.028889 1.531547 2.301330 2.640089 2.006038
23.773193 2.058532 2.326204 1.821661 1.762857 2.028981 1.531638 2.301856 2.639076 2.007726
23.803711 2.058892 2.325467 1.822876 1.762923 2.029104 1.531660 2.302362 2.638032 2.009405
23.834229 2.059201 2.324676 1.824043 1.762939 2.029212 1.531606 2.302818 2.636891 2.011070
23.864746 2.059470 2.323871 1.825152 1.762920 2.029315 1.531495 2.303230 2.635714 2.012687
23.895264 2.059707 2.323028 1.826234 1.762873 2.029439 1.531320 2.303608 2.634438 2.014322
23.925781 2.059909 2.322172 1.827266 1.762794 2.029577 1.531078 2.303945 2.633122 2.015920
23.956299 2.060053 2.321277 1.828225 1.762655 2.029660 1.530776 2.304225 2.631759 2.017454
23.986816 2.060174 2.320401 1.829130 1.762502 2.029782 1.530418 2.304479 2.630381 2.018955
24.017334 2.060266 2.319519 1.829989 1.762316 2.029879 1.530021 2.304705 2.629000 2.020414
24.047852 2.060308 2.318578 1.830807 1.762098 2.029947 1.529591 2.304870 2.627521 2.021839
24.078369 2.060334 2.317654 1.831583 1.761864 2.030045 1.529111 2.305019 2.626032 2.023247
24.108887 2.060328 2.316728 1.832305 1.761600 2.030113 1.528602 2.305135 2.624543 2.024600
24.139404 2.060319 2.315843 1.832988 1.761342 2.030229 1.528066 2.305239 2.623078 2.025912
24.169922 2.060260 2.314918 1.833616 1.761038 2.030310 1.527478 2.305293 2.621548 2.027189
24.200439 2.060195 2.314016 1.834216 1.760726 2.030404 1.526866 2.305342 2.620039 2.028445
24.230957 2.060102 2.313104 1.834773 1.760412 2.030501 1.526250 2.305343 2.618494 2.029643
24.261475 2.059989 2.312210 1.835280 1.760080 2.030603 1.525596 2.305321 2.616964 2.030789
24.291992 2.059877 2.311347 1.835766 1.759765 2.030701 1.524978 2.305288 2.615482 2.031883
24.322510 2.059719 2.310474 1.836179 1.759404 2.030769 1.524300 2.305211 2.613986 2.032911
24.353027 2.059554 2.309616 1.836566 1.759049 2.030859 1.523617 2.305115 2.612489 2.033906
24.383545 2.059348 2.308729 1.836904 1.758666 2.030905 1.522920 2.304968 2.610961 2.034837
24.414062 2.059133 2.307893 1.837186 1.758270 2.030944 1.522204 2.304820 2.609500 2.035715
24.444580 2.058917 2.307093 1.837438 1.757894 2.031034 1.521487 2.304653 2.608061 2.036542
24.475098 2.058699 2.306320 1.837663 1.757515 2.031091 1.520788 2.304482 2.606687 2.037313
24.505615 2.058455 2.305530 1.837859 1.757130 2.031137 1.520087 2.304274 2.605276 2.038049
24.536133 2.058209 2.304771 1.838023 1.756753 2.031186 1.519399 2.304055 2.603907 2.038733
24.566650 2.057983 2.304072 1.838179 1.756396 2.031242 1.518740 2.303857 2.602636 2.039377
24.597168 2.057729 2.303382 1.838275 1.756027 2.031306 1.518054 2.303618 2.601356 2.039959
24.627686 2.057460 2.302700 1.838338 1.755654 2.031343 1.517381 2.303355 2.600110 2.040469
24.658203 2.057207 2.302059 1.838398 1.755308 2.031397 1.516743 2.303101 2.598916 2.040957
24.688721 2.056950 2.301435 1.838437 1.754946 2.031404 1.516113 2.302852 2.597781 2.041407
24.719238 2.056692 2.300849 1.838444 1.754613 2.031440 1.515509 2.302579 2.596689 2.041782
24.749756 2.056424 2.300270 1.838427 1.754277 2.031440 1.514929 2.302293 2.595631 2.042105
24.780273 2.056175 2.299751 1.838396 1.753965 2.031484 1.514356 2.302018 2.594644 2.042394
24.810791 2.055909 2.299253 1.838320 1.753651 2.031512 1.513794 2.301715 2.593704 2.042597
24.841309 2.055653 2.298778 1.838241 1.753353 2.031539 1.513260 2.301418 2.592804 2.042778
24.871826 2.055403 2.298328 1.838155 1.753062 2.031542 1.512755 2.301125 2.591972 2.042915
24.902344 2.055186 2.297956 1.838064 1.752809 2.031594 1.512280 2.300862 2.591231 2.043031
24.932861 2.054967 2.297593 1.837962 1.752554 2.031625 1.511818 2.300594 2.590527 2.043111
24.963379 2.054750 2.297266 1.837837 1.752321 2.031684 1.511371 2.300314 2.589868 2.043133
24.993896 2.054555 2.296991 1.837706 1.752108 2.031752 1.510953 2.300054 2.589293 2.043124
25.024414 2.054358 2.296713 1.837578 1.751903 2.031807 1.510558 2.299788 2.588725 2.043101
25.054932 2.054180 2.296483 1.837443 1.751716 2.031854 1.510202 2.299540 2.588252 2.043034
25.085449 2.054010 2.296257 1.837320 1.751543 2.031912 1.509860 2.299298 2.587782 2.042974
25.115967 2.053866 2.296083 1.837201 1.751385 2.031947 1.509561 2.299088 2.587430 2.042878
25.146484 2.053739 2.295929 1.837096 1.751265 2.032021 1.509300 2.298879 2.587086 2.042780
25.177002 2.053624 2.295803 1.836991 1.751152 2.032085 1.509058 2.298687 2.586800 2.042663
25.207520 2.053519 2.295721 1.836870 1.751058 2.032173 1.508830 2.298498 2.586575 2.042506
25.238037 2.053439 2.295673 1.836765 1.750984 2.032282 1.508622 2.298338 2.586400 2.042358
25.268555 2.053372 2.295646 1.836667 1.750930 2.032376 1.508459 2.298190 2.586269 2.042199
25.299072 2.053334 2.295638 1.836604 1.750907 2.032509 1.508321 2.298066 2.586155 2.042068
25.329590 2.053302 2.295649 1.836539 1.750889 2.032632 1.508199 2.297950 2.586090 2.041914
25.360107 2.053315 2.295721 1.836506 1.750919 2.032807 1.508120 2.297875 2.586104 2.041770
25.390625 2.053343 2.295826 1.836471 1.750963 2.032980 1.508068 2.297818 2.586176 2.041611
25.421143 2.053401 2.295950 1.836475 1.751044 2.033170 1.508066 2.297786 2.586281 2.041472
25.451660 2.053464 2.296069 1.836493 1.751132 2.033366 1.508073 2.297758 2.586379 2.041345
25.482178 2.053587 2.296265 1.836556 1.751264 2.033622 1.508111 2.297802 2.586568 2.041274
25.512695 2.053716 2.296458 1.836632 1.751402 2.033859 1.508172 2.297856 2.586774 2.041207
25.543213 2.053879 2.296674 1.836751 1.751562 2.034095 1.508272 2.297953 2.587039 2.041171
25.573730 2.054066 2.296927 1.836884 1.751756 2.034383 1.508393 2.298069 2.587324 2.041151
25.604248 2.054283 2.297205 1.837050 1.751967 2.034684 1.508533 2.298224 2.587657 2.041165
25.634766 2.054531 2.297502 1.837255 1.752205 2.035010 1.508702 2.298412 2.588020 2.041211
25.665283 2.054821 2.297800 1.837537 1.752480 2.035349 1.508923 2.298650 2.588389 2.041343
25.695801 2.055149 2.298160 1.837835 1.752792 2.035752 1.509161 2.298925 2.588822 2.041490
25.726318 2.055502 2.298543 1.838159 1.753123 2.036181 1.509413 2.299229 2.589284 2.041666
25.756836 2.055888 2.298961 1.838515 1.753482 2.036640 1.509692 2.299573 2.589789 2.041878
25.787354 2.056321 2.299387 1.838950 1.753872 2.037111 1.510014 2.299981 2.590309 2.042194
25.817871 2.056796 2.299872 1.839412 1.754302 2.037649 1.510356 2.300431 2.590890 2.042535
25.848389 2.057335 2.300392 1.839959 1.754791 2.038252 1.510751 2.300949 2.591496 2.042977
25.878906 2.057933 2.300992 1.840548 1.755348 2.038934 1.511206 2.301525 2.592177 2.043463
25.909424 2.058535 2.301552 1.841177 1.755888 2.039585 1.511651 2.302121 2.592833 2.044004
25.939941 2.059192 2.302160 1.841866 1.756475 2.040295 1.512137 2.302779 2.593541 2.044614
25.970459 2.059895 2.302803 1.842609 1.757098 2.041048 1.512651 2.303492 2.594281 2.045298
26.000977 2.060647 2.303462 1.843428 1.757766 2.041841 1.513214 2.304263 2.595030 2.046075
26.031494 2.061403 2.304147 1.844232 1.758424 2.042657 1.513742 2.305043 2.595818 2.046840
26.062012 2.062199 2.304863 1.845083 1.759110 2.043515 1.514286 2.305876 2.596630 2.047679
26.092529 2.063050 2.305615 1.846004 1.759837 2.044422 1.514866 2.306776 2.597479 2.048609
26.123047 2.063953 2.306400 1.846991 1.760602 2.045366 1.515484 2.307740 2.598371 2.049616
26.153564 2.064897 2.307222 1.848023 1.761400 2.046368 1.516116 2.308753 2.599285 2.050694
26.184082 2.065890 2.308080 1.849113 1.762239 2.047415 1.516785 2.309822 2.600241 2.051840
26.214600 2.066926 2.308964 1.850259 1.763110 2.048503 1.517477 2.310946 2.601218 2.053066
26.245117 2.068003 2.309889 1.851446 1.764012 2.049646 1.518182 2.312118 2.602231 2.054349
26.275635 2.069132 2.310844 1.852702 1.764953 2.050833 1.518924 2.313352 2.603279 2.055714
26.306152 2.070312 2.311852 1.854008 1.765936 2.052087 1.519686 2.314647 2.604372 2.057152
26.336670 2.071539 2.312902 1.855363 1.766950 2.053391 1.520467 2.316001 2.605501 2.058668
26.367188 2.072811 2.313985 1.856773 1.767991 2.054735 1.521263 2.317414 2.606669 2.060256
26.397705 2.074153 2.315133 1.858256 1.769093 2.056157 1.522107 2.318907 2.607904 2.061935
26.428223 2.075546 2.316339 1.859785 1.770232 2.057648 1.522962 2.320461 2.609190 2.063682
26.458740 2.076985 2.317572 1.861374 1.771411 2.059180 1.523858 2.322068 2.610497 2.065508
26.489258 2.078481 2.318861 1.863019 1.772632 2.060776 1.524777 2.323744 2.611863 2.067408
26.519775 2.080032 2.320226 1.864703 1.773893 2.062454 1.525705 2.325484 2.613301 2.069366
26.550293 2.081625 2.321627 1.866433 1.775181 2.064160 1.526658 2.327280 2.614783 2.071389
26.580811 2.083277 2.323074 1.868233 1.776518 2.065936 1.527645 2.329144 2.616302 2.073503
26.611328 2.084986 2.324587 1.870080 1.777906 2.067792 1.528659 2.331069 2.617879 2.075682
26.641846 2.086744 2.326152 1.871976 1.779335 2.069703 1.529704 2.333052 2.619506 2.077923
26.672363 2.088551 2.327751 1.873931 1.780801 2.071657 1.530780 2.335092 2.621165 2.080242
26.702881 2.090412 2.329418 1.875928 1.782312 2.073686 1.531878 2.337193 2.622892 2.082614
26.733398 2.092320 2.331142 1.877965 1.783856 2.075775 1.532990 2.339352 2.624673 2.085047
26.763916 2.094298 2.332944 1.880064 1.785449 2.077927 1.534138 2.341597 2.626542 2.087565
26.794434 2.096313 2.334796 1.882189 1.787079 2.080144 1.535303 2.343879 2.628452 2.090115
26.824951 2.098400 2.336728 1.884380 1.788768 2.082435 1.536515 2.346243 2.630453 2.092740
26.855469 2.100539 2.338728 1.886608 1.790495 2.084804 1.537733 2.348667 2.632512 2.095426
26.885986 2.102713 2.340778 1.888860 1.792250 2.087220 1.538965 2.351134 2.634613 2.098156
26.916504 2.104952 2.342892 1.891176 1.794063 2.089692 1.540256 2.353673 2.636793 2.100952
26.947021 2.107245 2.345089 1.893523 1.795920 2.092242 1.541567 2.356271 2.639057 2.103787
26.977539 2.109591 2.347348 1.895915 1.797821 2.094843 1.542913 2.358929 2.641397 2.106668
27.008057 2.111987 2.349689 1.898332 1.799762 2.097529 1.544266 2.361645 2.643810 2.109595
27.038574 2.114443 2.352108 1.900792 1.801752 2.100278 1.545658 2.364430 2.646306 2.112578
27.069092 2.116946 2.354596 1.903282 1.803775 2.103075 1.547069 2.367272 2.648883 2.115600
27.099609 2.119506 2.357163 1.905811 1.805854 2.105964 1.548511 2.370170 2.651533 2.118663
27.130127 2.122112 2.359790 1.908372 1.807976 2.108903 1.549990 2.373117 2.654243 2.121766
27.160645 2.124776 2.362510 1.910964 1.810152 2.111922 1.551502 2.376126 2.657052 2.124901
27.191162 2.127486 2.365298 1.913584 1.812366 2.115008 1.553030 2.379185 2.659928 2.128074
27.221680 2.130243 2.368159 1.916229 1.814622 2.118152 1.554588 2.382296 2.662885 2.131273
27.252197 2.133049 2.371108 1.918891 1.816914 2.121365 1.556157 2.385464 2.665940 2.134495
27.282715 2.135909 2.374149 1.921576 1.819264 2.124652 1.557770 2.388682 2.669095 2.137729
27.313232 2.138816 2.377262 1.924286 1.821651 2.127977 1.559420 2.391955 2.672345 2.140985
27.343750 2.141754 2.380428 1.927010 1.824071 2.131372 1.561076 2.395258 2.675628 2.144267
27.374268 2.144749 2.383684 1.929764 1.826540 2.134831 1.562769 2.398624 2.679015 2.147578
27.404785 2.147790 2.387028 1.932530 1.829057 2.138361 1.564493 2.402034 2.682498 2.150894
27.435303 2.150871 2.390439 1.935312 1.831610 2.141942 1.566240 2.405485 2.686057 2.154221
27.465820 2.154010 2.393941 1.938126 1.834223 2.145613 1.568025 2.408995 2.689700 2.157585
27.496338 2.157187 2.397519 1.940947 1.836858 2.149332 1.569813 2.412553 2.693439 2.160958
27.526855 2.160412 2.401188 1.943780 1.839542 2.153113 1.571638 2.416157 2.697287 2.164328
27.557373 2.163679 2.404936 1.946625 1.842269 2.156960 1.573490 2.419800 2.701224 2.167697
27.587891 2.166979 2.408752 1.949474 1.845032 2.160857 1.575367 2.423477 2.705231 2.171067
27.618408 2.170327 2.412670 1.952328 1.847843 2.164836 1.577267 2.427199 2.709355 2.174426
27.648926 2.173715 2.416660 1.955193 1.850696 2.168865 1.579201 2.430960 2.713561 2.177789
27.679443 2.177136 2.420722 1.958061 1.853576 2.172950 1.581143 2.434757 2.717843 2.181156
27.709961 2.180596 2.424854 1.960942 1.856504 2.177093 1.583123 2.438584 2.722208 2.184511
27.740479 2.184093 2.429055 1.963834 1.859466 2.181280 1.585131 2.442453 2.726656 2.187873
27.770996 2.187640 2.433351 1.966741 1.862489 2.185564 1.587172 2.446363 2.731192 2.191238
27.801514 2.191210 2.437702 1.969643 1.865529 2.189878 1.589221 2.450300 2.735801 2.194592
27.832031 2.194808 2.442119 1.972541 1.868606 2.194238 1.591299 2.454257 2.740485 2.197923
27.862549 2.198437 2.446605 1.975441 1.871719 2.198648 1.593403 2.458242 2.745250 2.201239
27.893066 2.202103 2.451181 1.978335 1.874877 2.203135 1.595528 2.462257 2.750111 2.204533
27.923584 2.205804 2.455818 1.981243 1.878067 2.207674 1.597671 2.466308 2.755043 2.207833
27.954102 2.209540 2.460535 1.984148 1.881295 2.212266 1.599840 2.470390 2.760074 2.211110
27.984619 2.213303 2.465326 1.987043 1.884560 2.216923 1.602025 2.474491 2.765179 2.214361
28.015137 2.217099 2.470181 1.989946 1.887860 2.221619 1.604243 2.478624 2.770373 2.217599
28.045654 2.220914 2.475075 1.992853 1.891192 2.226355 1.606485 2.482768 2.775600 2.220830
28.076172 2.224754 2.480026 1.995757 1.894557 2.231139 1.608751 2.486926 2.780897 2.224030
28.106689 2.228627 2.485061 1.998655 1.897960 2.235993 1.611030 2.491114 2.786282 2.227215
28.137207 2.232514 2.490145 2.001539 1.901390 2.240902 1.613316 2.495307 2.791706 2.230377
28.167725 2.236449 2.495308 2.004444 1.904862 2.245856 1.615642 2.499549 2.797244 2.233537
28.198242 2.240400 2.500528 2.007332 1.908359 2.250855 1.617978 2.503802 2.802838 2.236671
28.228760 2.244373 2.505785 2.010233 1.911888 2.255894 1.620340 2.508070 2.808473 2.239799
28.259277 2.248372 2.511098 2.013134 1.915454 2.260976 1.622734 2.512351 2.814188 2.242889
28.289795 2.252387 2.516467 2.016019 1.919046 2.266106 1.625139 2.516642 2.819956 2.245953
28.320312 2.256424 2.521884 2.018907 1.922668 2.271279 1.627563 2.520947 2.825783 2.248995
28.350830 2.260496 2.527383 2.021792 1.926326 2.276518 1.630003 2.525286 2.831701 2.252027
28.381348 2.264587 2.532925 2.024676 1.930022 2.281811 1.632469 2.529628 2.837652 2.255039
28.411865 2.268684 2.538501 2.027546 1.933735 2.287132 1.634943 2.533965 2.843657 2.258001
28.442383 2.272792 2.544122 2.030400 1.937474 2.292504 1.637426 2.538303 2.849696 2.260936
28.472900 2.276941 2.549808 2.033275 1.941255 2.297937 1.639936 2.542676 2.855813 2.263875
28.503418 2.281085 2.555513 2.036126 1.945045 2.303378 1.642457 2.547037 2.861951 2.266775
28.533936 2.285256 2.561289 2.038971 1.948873 2.308888 1.644995 2.551414 2.868165 2.269643
28.564453 2.289447 2.567114 2.041813 1.952733 2.314452 1.647547 2.555801 2.874425 2.272495
28.594971 2.293642 2.572949 2.044656 1.956609 2.320024 1.650120 2.560183 2.880699 2.275329
28.625488 2.297862 2.578827 2.047508 1.960515 2.325661 1.652699 2.564581 2.887012 2.278160
28.656006 2.302091 2.584745 2.050347 1.964445 2.331328 1.655299 2.568977 2.893377 2.280948
28.686523 2.306323 2.590674 2.053182 1.968388 2.337020 1.657903 2.573365 2.899748 2.283718
28.717041 2.310560 2.596645 2.055995 1.972345 2.342750 1.660504 2.577753 2.906166 2.286452
28.747559 2.314815 2.602656 2.058807 1.976335 2.348520 1.663132 2.582145 2.912621 2.289166
28.778076 2.319093 2.608719 2.061621 1.980355 2.354352 1.665769 2.586552 2.919128 2.291866
28.808594 2.323383 2.614823 2.064426 1.984405 2.360231 1.668423 2.590956 2.925673 2.294532
28.839111 2.327675 2.620940 2.067223 1.988468 2.366139 1.671079 2.595351 2.932226 2.297179
28.869629 2.331989 2.627099 2.070029 1.992562 2.372096 1.673753 2.599763 2.938820 2.299823
28.900146 2.336295 2.633267 2.072815 1.996680 2.378098 1.676436 2.604137 2.945407 2.302408
28.930664 2.340641 2.639481 2.075635 2.000830 2.384147 1.679141 2.608556 2.952043 2.305036
28.961182 2.344961 2.645692 2.078413 2.004969 2.390184 1.681838 2.612937 2.958682 2.307595
28.991699 2.349311 2.651967 2.081195 2.009146 2.396303 1.684541 2.617337 2.965379 2.310144
29.022217 2.353658 2.658237 2.083978 2.013336 2.402427 1.687261 2.621723 2.972071 2.312673
29.052734 2.358018 2.664541 2.086756 2.017551 2.408593 1.689996 2.626108 2.978794 2.315180
29.083252 2.362379 2.670883 2.089509 2.021779 2.414806 1.692720 2.630485 2.985548 2.317648
29.113770 2.366728 2.677211 2.092252 2.026015 2.421036 1.695446 2.634831 2.992276 2.320084
29.144287 2.371118 2.683613 2.095011 2.030288 2.427349 1.698178 2.639217 2.999071 2.322542
29.174805 2.375486 2.689980 2.097761 2.034567 2.433654 1.700925 2.643561 3.005815 2.324965
29.205322 2.379870 2.696400 2.100497 2.038864 2.440022 1.703660 2.647910 3.012616 2.327356
29.235840 2.384263 2.702846 2.103231 2.043189 2.446446 1.706403 2.652253 3.019420 2.329734
29.266357 2.388665 2.709297 2.105979 2.047538 2.452897 1.709168 2.656592 3.026222 2.332109
29.296875 2.393060 2.715745 2.108716 2.051888 2.459365 1.711923 2.660915 3.033007 2.334472
29.327393 2.397469 2.722237 2.111446 2.056275 2.465893 1.714701 2.665233 3.039825 2.336801
29.357910 2.401877 2.728739 2.114168 2.060667 2.472455 1.717463 2.669542 3.046637 2.339122
29.388428 2.406288 2.735264 2.116879 2.065084 2.479068 1.720232 2.673833 3.053459 2.341404
29.418945 2.410696 2.741772 2.119599 2.069504 2.485672 1.723013 2.678115 3.060262 2.343688
29.449463 2.415120 2.748341 2.122301 2.073961 2.492362 1.725798 2.682395 3.067105 2.345939
29.479980 2.419553 2.754915 2.125016 2.078430 2.499069 1.728592 2.686677 3.073956 2.348189
29.510498 2.424001 2.761488 2.127758 2.082929 2.505842 1.731391 2.690953 3.080780 2.350453
29.541016 2.428434 2.768077 2.130466 2.087426 2.512632 1.734176 2.695208 3.087600 2.352683
29.571533 2.432879 2.774689 2.133176 2.091946 2.519461 1.736974 2.699460 3.094445 2.354893
29.602051 2.437310 2.781302 2.135863 2.096453 2.526300 1.739744 2.703697 3.101276 2.357088
29.632568 2.441739 2.787916 2.138547 2.100982 2.533178 1.742525 2.707909 3.108087 2.359256
29.663086 2.446203 2.794582 2.141253 2.105554 2.540139 1.745321 2.712142 3.114937 2.361433
29.693604 2.450670 2.801257 2.143960 2.110137 2.547135 1.748112 2.716372 3.121776 2.363615
29.724121 2.455146 2.807959 2.146664 2.114741 2.554183 1.750905 2.720596 3.128628 2.365779
29.754639 2.459610 2.814683 2.149329 2.119354 2.561270 1.753684 2.724793 3.135472 2.367904
29.785156 2.464068 2.821393 2.151998 2.123977 2.568384 1.756466 2.728966 3.142288 2.370010
29.815674 2.468528 2.828128 2.154651 2.128606 2.575543 1.759227 2.733129 3.149122 2.372088
29.846191 2.473003 2.834913 2.157295 2.133253 2.582761 1.761978 2.737304 3.155998 2.374156
29.876709 2.477445 2.841628 2.159935 2.137898 2.589962 1.764739 2.741416 3.162767 2.376199
29.907227 2.481899 2.848409 2.162549 2.142563 2.597250 1.767476 2.745529 3.169590 2.378204
29.937744 2.486373 2.855194 2.165195 2.147268 2.604564 1.770261 2.749646 3.176409 2.380220
29.968262 2.490853 2.861976 2.167854 2.151983 2.611937 1.773026 2.753758 3.183176 2.382270
