lta 25
sta 2
sta/lta_min 0.2
sta/lta_max 2
fenetre_min 32
fenetre_fixe y
type_lissage okono
b 40
f_sensor 0.2
name mesure nbwin f0mean A0mean C1 C2 C3 C4 C5 C6 C7 C8 C9
0502120104 5 2.777100 1.849940 1 1 1 1 1 0 1 1 1
0502121516 13 2.807620 2.313470 1 1 1 1 1 1 1 1 1
0502122852 13 1.708980 3.977370 1 1 1 1 1 1 1 1 1
0502123912 15 1.831050 3.142090 1 1 1 1 1 1 1 1 1
0502125308 18 0.305176 4.496440 0 0 1 0 1 1 0 0 1
0502131128 15 0.274658 3.818470 0 0 1 0 1 1 0 0 1
0502132408 13 53.222700 5.978140 1 1 1 1 1 1 1 1 1
0502133900 13 0.274658 4.639160 0 0 1 0 1 1 0 0 1
0502135624 12 56.396500 3.823290 1 1 1 1 0 1 0 1 1
0502140952 12 53.405800 3.609230 1 1 1 1 1 1 1 1 1
